Time(ms),I,II,III,aVR,aVL,aVF,V1,V2,V3,V4,V5,V6
-200.0,1.2423714830195207,4.55858905720307,3.3162175741837614,-2.9159512153273512,-1.0177400459016204,3.922014194382626,-1.4896268363548315,-3.862038816188414,-7.842838882168872,-5.365894143054646,-2.8728912468017036,-10.853778441043298
-199.0,-1.93674512848852,3.2743467285822208,5.2110918570708415,-0.6794992044067449,-3.63334399260983,4.308531788872048,0.3472510014902212,1.0541705416018203,-1.6071663890417156,0.8232328761800756,4.941708862155991,-9.4509427716607
-198.0,-1.2879024039286624,2.4692615917885217,3.7571639957171747,-0.602192210051964,-2.5009447271986094,3.10183382971968,2.4765707875382432,1.979107901710317,2.478577468739639,0.8892639288077451,5.41980882501873,-2.3898345516970227
-197.0,-1.945875708989411,-3.0611707956791676,-1.1152950866898732,2.486451454083047,-0.38961078766545265,-2.100551390399198,0.17132130579999305,0.3589204429751507,4.67815096855504,3.1118811790304877,-0.2158958130412354,5.566074540266746
-196.0,-2.1949781247464535,0.9783802547270279,3.173358379473293,0.661757772944078,-2.7317003841721337,2.058834488350725,-0.9146836506101532,-0.7565618010478041,0.5931180972113586,-3.8507921745335394,-8.378920707554219,10.493128464842068
-195.0,2.811424842476815,-2.620191260509176,-5.431616102986186,-0.12937839345530522,4.159023154616027,-4.051636741736663,-1.8871504861356376,0.15427195355087459,0.43790781272401125,-0.6566954390294505,-3.7840020886389154,6.13088909171476
-194.0,3.573587082917645,-1.8633002547602808,-5.436887337678057,-0.8170790227067267,4.548624854408675,-3.608488843536466,0.7574819643448378,-3.5163787152030546,-3.00750834152323,1.9388116757112386,-1.6774128596683084,-0.3930224388522463
-193.0,3.6641232108177784,3.402428024146111,-0.26169518667164526,-3.4999304931750634,1.9316148509497206,1.521630777392366,-2.0286325552548545,1.840938294188373,-0.7274314687750667,-1.327178517292143,7.6455326061464195,-1.9890902174873966
-192.0,-0.3425106824452331,0.11499005932263884,0.4575007417680088,0.0654480388927936,-0.4302366985003834,0.30751517704741893,0.41446449163365,1.9878041047157662,1.4888467089395583,6.011055295406116,7.643470566239646,-2.690404120877136
-191.0,-5.602584450559301,-1.5976906673599482,4.0048937831994955,3.5498640547869678,-4.836275442759781,1.221416226492015,2.1737635618225246,-0.0019659843744324057,0.6724327656545979,1.7435463940701372,3.9255986924670125,-5.269465921081675
-190.0,-2.1023708492752897,3.4076124267718138,5.509983276047184,-0.625835564200842,-3.764872008391063,4.479359000009779,2.5995891950861902,-0.0006582907043314878,-1.931123499307582,-5.234327564050995,-4.853448356920058,-2.5084920699122413
-189.0,0.5285223379357036,-1.8570275427092933,-2.3855498806449664,0.6894627037788263,1.4925210909487747,-2.0928065867471233,-0.1746459310938362,-1.8170778443870481,-0.10028980144999622,-3.1831251573955157,-8.390072548769366,-6.146516841998994
-188.0,2.3754238587765215,-1.5252925877307812,-3.9007164465072783,-0.4010447314680778,3.0901110257722415,-2.752768595233791,-3.0591061170576297,0.9260991884832537,3.3266120847211593,1.0223657902818157,-6.731918471893294,4.543030303212431
-187.0,-0.945867401808398,-1.2178222272093935,-0.27195482540096827,1.026705649171951,-0.30799036823940384,-0.7746953990105199,0.33478584841435644,-0.543083409578409,-0.8718308798364851,1.6726777749672204,-0.4287696886687229,3.835523438030402
-186.0,0.24020518361239046,-1.9433635845852364,-2.1835687681976115,0.8758443751069526,1.1641111420915933,-2.0863415669170364,-0.6970841418227047,1.221071499892315,-2.129995379712103,-0.38355925464469587,1.93429383902543,-1.828908200535972
-185.0,3.936429070591532,1.2233730720600131,-2.713055998531546,-2.5538216149402047,3.361453895350579,-0.6861038368406918,-1.4527373754814905,-0.3330285794222855,3.0237459163464635,0.9963181703699352,7.842353672334732,5.273667152035286
-184.0,-0.40911381741556885,3.7423493605036593,4.151463177919209,-1.7164019361761393,-2.2353508203607864,3.9261901159171817,0.5394017022426596,1.0487724115876926,-1.7238757125552304,1.6405180223795677,6.659672536222944,8.901852296561449
-183.0,-4.176278392709487,2.2222611031862383,6.398539495895675,1.009685201224986,-5.312616096178856,4.287005822773074,2.958354834196662,-0.9014091254138463,0.039631467466175796,0.916652996404493,10.105192750854147,7.30203223196169
-182.0,-1.749896740735762,1.1836801166998208,2.9335768574355314,0.24115684321778563,-2.3602765146240805,2.111308419230206,0.67433997032519,-1.3269446463969075,0.9493163786494266,-2.9889958285137177,-6.521003040457629,-11.104538246903275
-181.0,1.6282300594055064,1.6731433234382862,0.04491326403276841,-1.6099751430722498,0.7762061860442033,0.8319650043695896,-2.9674873411764855,-2.047626856821175,-4.46996519348056,-5.677116903930336,-14.478910889909848,-12.771367524965129
-180.0,1.6655432932781362,-4.823476725571241,-6.489020018849306,1.6225609823428178,4.06103853339765,-5.681730418645547,0.9860780584953395,1.154738538034958,-2.5460371070404446,1.3616282072501154,-5.90907133058628,-3.33495316460648
-179.0,1.448819041840574,-4.798681048045194,-6.247500089885637,1.6408084892486599,3.828346402637958,-5.465774097560869,-0.633391017673403,0.34212761113003975,2.237736720928386,1.3301174979825203,0.6893159570081595,-0.5283465248287067
-178.0,1.0318818355450197,-4.299296868317896,-5.331178703862857,1.5983868886236046,3.2359765215563403,-4.831167075397428,0.19793416113871581,2.4149532112492906,4.397986689906286,2.207306543997779,3.187131783017956,1.6337534855978697
-177.0,-1.1278730553431475,0.9971731334876206,2.125046188830706,0.02708291734449103,-1.5757915413814372,1.550613065946687,2.3052889773737415,2.9002416502662345,6.289776893393897,7.330315374099987,7.066126059813605,3.8885237414119276
-176.0,-1.815805057030584,6.546198022437098,8.362003079467524,-2.3280292364108504,-5.119395156196208,7.44751194254902,-2.1501688551034777,-2.078327248748167,-1.609347509262005,1.379135601161335,0.437911983171988,4.551473839991052
-175.0,-2.9245359463722544,4.637624514707618,7.5621604610797055,-0.8213140519130295,-5.275295291190739,6.094884562907766,0.7042099414984175,0.027544063657186202,-1.6723150372871376,-2.3558363833899554,2.960469818760413,6.9672190503655775
-174.0,1.64114455553428,-2.795628597403847,-4.436773152938255,0.613239191593009,3.0055278448577494,-3.621808482201117,-1.394586524637045,-2.472643502087838,-6.051469343736912,-4.6557759515184145,0.26105340394076615,3.750819866396275
-173.0,-1.4761514484562064,1.5138765407678605,2.9900279892240906,-0.05776828760762783,-2.190151268418955,2.244519580967541,1.5374904634498456,-1.596866231125446,-2.3941454541153164,-5.067767955653226,0.0024456665905333574,1.080239844980161
-172.0,3.341596683510042,1.847449824876767,-1.4941468586331066,-2.62703866361189,2.4572281377082485,0.16738118883835718,0.17012464158792873,-1.7516850020640917,0.33502521741740376,-4.515832264821898,-4.3329583700943335,-9.284833855659473
-171.0,3.743935552192567,-2.2941495572496544,-6.038085109442006,-0.7495018953313239,4.847231813586841,-4.097743785533853,-0.5910042862717233,3.4028216460844396,1.1591464532383344,0.04956921905658318,-3.2754950921124473,-8.981901346577363
-170.0,0.16412684778740338,-5.413276839680921,-5.5774036874682,2.6870116827547124,2.8228204566406996,-5.506351393889961,-4.141433480132426,-0.3253831059364798,3.332470896999206,5.481499861934552,-1.7120403879003332,-3.7381981643009574
-169.0,-4.541961805663728,-3.066059960537352,1.475901845126321,3.795276560738709,-2.9807247436736573,-0.8075243345905663,3.145766234296487,1.6687378305628107,2.795271010225995,6.448808871103083,2.478161232268121,1.4568531877887612
-168.0,1.296737436158474,1.9216963365854305,0.624958900426776,-1.6122043735893383,0.3641945230503987,1.2569589025310086,1.3155092243974398,1.0231273905927623,-3.509601991755875,1.1904232243676631,1.3874528761329161,8.608678738993907
-167.0,-5.993031167752072,3.3387412430844785,9.331772410836287,1.3270127519962895,-7.631044178074252,6.311270063608983,4.674875805627178,1.3314739686390982,2.726642139868894,2.7853470838926038,0.750121154084306,7.871715170085119
-166.0,2.8160496373932147,2.6195744754994696,-0.19647516189392977,-2.7187231956340865,1.4638983445202554,1.2550286459761373,-3.8846639855691465,-2.458274250676157,-0.5809442801052354,-1.791191505533267,4.065160181840987,0.85607631736743
-165.0,1.92870595672708,-0.14285217309993303,-2.071558129827052,-0.8983375982508632,2.041533666270869,-1.155917604582784,-2.5931807001887384,-0.8074027788743445,-0.7320575581105774,-5.942222848905825,-1.0301614403907493,-12.220826536160803
-164.0,-0.26850685884783654,0.46735494701107805,0.7358618058590429,-0.11227340423397358,-0.53674727458742,0.618695583018195,0.6025743018041996,-2.2517823602705116,-2.919352630402642,-4.571363825583749,-4.184906329825608,-10.641443549891335
-163.0,0.5676066450339389,-3.7282070313182785,-4.29581367635196,1.5586340956386362,2.3962321840722622,-4.004392883915687,-1.6646409830895716,-0.5813085078584015,-1.0150768236807381,-0.7603287657515176,-2.6941114244656728,1.6405925770898584
-162.0,3.2511244428352635,2.096622302609797,-1.1545021402251852,-2.625087325044375,2.2414495341086083,0.4750264848815102,1.3045089834879018,1.3801336809360412,0.5739318056483241,2.3787074484232305,0.2788883676127403,19.179485165411755
-161.0,-0.6572741841828424,2.9499943245238236,3.607268508706825,-1.1825444943786791,-2.1792264100555783,3.285599291585795,1.0577164537418007,3.541884094849742,5.172131019977135,6.869913045046222,8.325867500190883,22.534292759465917
-160.0,1.4315670863640202,-6.188741932404256,-7.62030901876831,2.4176137744206456,4.551143244464713,-6.8889631072920565,1.7311326358719183,1.0889924075955597,1.1363047442701768,0.7057925526115509,0.3042189745678243,-13.546546132574175
-159.0,-4.287556309081053,-2.656561775948301,1.6309945331325442,3.5096484893822257,-2.9380344123722875,-0.4857150881815755,-2.067729325271877,-0.7365418927237609,-3.4922616091112677,-4.77214399288952,-7.2648735076636015,-26.788251276797585
-158.0,-5.429155788867071,4.226990999945318,9.656146788812116,0.5591756490941231,-7.5214559971958215,6.900903145423509,1.007437605952253,-3.781032054348474,-2.2141220213264,-1.2267673916059187,-1.8776722369918155,-8.316498043344009
-157.0,1.0548726797767003,5.427545571007341,4.372672891230431,-3.2845881355475974,-1.6341142759478675,4.8670617366810145,0.14179496334717387,-0.08091336371835611,-0.4196384808844891,1.7063326545883086,7.370318827898803,8.050021206297682
-156.0,5.3677960597716945,0.9782494954743228,-4.389546564297411,-3.1403789550687833,4.830336131908593,-1.735888737440229,-2.6441541231013375,-1.4456601116961223,1.4840531575789433,1.4668696122084204,-2.157475330532282,7.779597266796262
-155.0,1.899811884907629,-6.656820980485657,-8.556632865393192,2.3292202302841734,5.185492835566244,-7.559842779263722,3.458012122296017,2.2590794735567155,0.804026701543847,-2.317594389608594,-2.870457098023697,9.241402179476502
-154.0,-3.852480308215719,-5.500527867388459,-1.6480475591725257,4.70419070176919,-1.0622019180935123,-3.5317910205138694,0.7710323047570428,1.3102269790145904,0.2237595036632799,-0.4467423616620949,-2.060592533336697,2.7405514067802708
-153.0,-0.6207962216214239,1.810855058079857,2.4316512797014735,-0.5657109771894826,-1.563180853942717,2.0798941085996736,-2.319600390900005,1.018809720463295,0.34333920640478827,0.784545494443943,1.7865427030318484,-2.075439039389535
-152.0,2.888428886617123,3.9258291361212385,1.0374002495042338,-3.3716080412683485,0.9671618293207354,2.514796733627429,-2.35074091343402,1.2106487637628467,0.9037059306823492,1.923616512049241,2.3323505894202103,-5.86101791849429
-151.0,1.6152358081171825,5.224532092454821,3.6092962843376375,-3.4526434711547984,-0.9567242405231816,4.36885878727331,0.8062117594864238,-2.6664283096903105,-1.4257410449104015,-2.5743052539571387,1.8080538004550673,-0.7843156436338825
-150.0,0.04062473655170136,3.683703664815325,3.64307892826356,-1.8818875935638362,-1.8414796439047887,3.693412312813377,-0.025841681459118415,-3.433729577263902,-3.7425020075448123,1.8016499152099534,1.3487119347983874,1.5905178947508398
-149.0,-1.6979023909624096,-5.792712382763549,-4.094809991801246,3.738695231760231,1.1564945956054047,-4.912940927315503,0.4372244862167233,2.4360018789052673,3.5775549267312194,3.032863680453241,1.1833389765621591,0.3570678449754079
-148.0,0.24335681072331994,-4.461253646199917,-4.704610456923334,2.112982598686493,2.509638865981868,-4.628991673483703,2.3623514995863406,0.9935399126652649,1.2966826867541699,-4.128698735321726,-7.908834310299608,-6.998126222963165
-147.0,-1.0641162257252796,0.04486824378639431,1.1089844695116087,0.519798772773002,-1.0510185983175366,0.5336424144231198,0.40961051992692343,1.4626699504071665,1.337999008385244,0.3558794389731821,-0.33976308577346837,-1.7277104408796422
-146.0,-3.0530181538338867,-0.3189910700981251,2.7340270837357705,1.696557017571359,-2.9354736485833746,1.246788116603105,-0.22383580108018117,0.65760215956396,-0.4289416602557541,0.7888592984790469,3.1548187154201353,4.8698628688887435
-145.0,-3.1071335264460322,-1.6984380760332591,1.4086954504127998,2.4076272148441165,-2.2970049927324325,-0.10063463397512096,-0.6125636257923295,-2.9724553955389474,-3.18208375455651,-0.029265549340397434,1.5874569859270338,5.0859756120470045
-144.0,1.0064606216943757,3.0721560559681897,2.065695434273864,-2.0455259542159268,-0.48563580317616095,2.5402491718554816,0.6535042425341018,-0.8003740369823107,-2.8212934621782884,-4.581679711318843,0.3600603026746585,2.270575308940475
-143.0,6.518014650837833,3.8561557945594984,-2.6618588562782985,-5.207810251950822,4.639069853690028,0.5741984359499765,-0.609749575077444,1.5933591599824903,2.6980694289961518,1.0358957778602136,0.4052952903376702,-1.7877934592137832
-142.0,5.427419071459327,1.1284759698468707,-4.298943101612404,-3.313701456408602,4.838388717595347,-1.525340884221684,-4.326607280223776,-0.1496092266583724,1.3596898444024457,1.3184834884753664,0.7153912423041797,-5.189844772476881
-141.0,-6.0428098150865495,-0.9990741309682034,5.043735684118353,3.5517952718280736,-5.564950600939213,2.00440349977971,0.9583218600510839,-2.9087877709238823,-0.07562741109957583,3.965075651710409,-4.652953020907266,-1.7973616207423353
-140.0,0.09139100548427992,-0.24221038929140026,-0.3336013947757366,0.09995149802820191,0.19117475482711055,-0.3088563780567787,-0.7067393157230655,1.9538665059041196,0.5327621469123617,0.22131365749356213,-4.420329211920911,0.7201796215201024
-139.0,0.19918997170998987,-4.859365936376912,-5.058555908086985,2.3556188602162065,2.60491752432015,-4.9862973887901845,4.073277889347856,2.212342178160427,-0.615840634168072,-0.20489131989374976,0.9625214713390162,5.984142234532309
-138.0,-2.8414377573369975,-3.633688124125353,-0.7922503667883921,3.192020998191939,-0.9747772326866124,-2.2479282301731454,4.054157787764373,1.2568038794765015,1.5219192990649275,-0.43970780061393244,5.087711602811852,2.025700625093667
-137.0,0.9835159493988319,2.9610401436510596,1.977524194252253,-1.9272816232068495,-0.45335032299610434,2.5072682747076103,-4.60176878801318,0.9121158408446861,-0.7245588762444569,-1.0470723249486058,3.698940319300358,-4.14172891294637
-136.0,1.213857088242026,2.5300392203634017,1.3161821321214289,-1.8935308755738078,-0.09241206120995149,1.959841100495456,-2.1182756244159,-5.766555575628967,-2.494885407243036,-3.9851492305259164,1.135484334016511,-2.9369841375189405
-135.0,-3.1130197771677897,3.392574368836889,6.5055941460046744,-0.15248544694726296,-4.85575287403758,4.990202823207568,2.3358392098609637,1.0186523280150301,1.053594483334484,-0.6927357021924334,0.2318631128272044,-0.9725267302566936
-134.0,1.7238236057576337,1.7188563157602725,-0.004967289997408031,-1.7309316752643176,0.8931070195161728,0.8281507088801112,0.48923050157751474,0.9420743569250267,0.13853172884139534,1.9516805102272219,-2.569525457695477,1.1029059033932684
-133.0,0.7628844432598224,-3.6860975651896,-4.448982008449426,1.448850814820257,2.632998682837178,-4.086129003950282,0.006397309484440412,1.0038259386211965,2.347487028648067,5.530173434107315,-1.507402451213327,4.246265848501531
-132.0,1.6331657785316163,-2.6497276849256126,-4.282893463457192,0.4875079991159756,2.9854069909655974,-3.477053932655475,-1.121441267963262,-0.8479735038222865,-2.002155278765078,-2.346626387703867,-3.876247578020804,0.6375750199381911
-131.0,-0.4762790639379919,2.076644815698913,2.552923879636986,-0.7523976853155042,-1.5639693771293546,2.3066099104636293,-2.5650129833949116,-0.7697259193196264,-1.7430996157728136,-1.307829147429481,1.8706906905049063,5.342817042428833
-130.0,-2.5409177732640127,-2.705003801748421,-0.16408602848430714,2.6612228924388606,-1.2344513487755016,-1.446541147797217,1.8148847496141944,2.452851026120028,1.59513823486475,1.1377446031104177,0.2443394327640238,-6.995005855021287
-129.0,-0.6488645263126515,3.058070551246548,3.706935077559234,-1.2519068243331557,-2.140863640120646,3.361164194506223,-0.321554489842244,0.14305300036229673,2.598825378389928,-0.6033065658237651,1.2991680161922012,-9.741635776253812
-128.0,4.167718668123088,0.8671688080180153,-3.300549860105085,-2.4893259247878166,3.7760587328776842,-1.1718982058745468,3.298125613334564,-3.1260793230973243,-3.477662354105374,-3.724432567411515,-2.345158746293227,-7.756407703157122
-127.0,-1.6219838765187726,-0.8312283382639638,0.7907555382547466,1.1757809749623482,-1.2385056967514925,0.011249335456406329,-1.3816509486327513,-0.41071213072449964,-0.2553647205284011,1.7208864890074145,-1.5367077746183708,0.8375604003532322
-126.0,4.482147460026153,-3.3977882823186647,-7.879935742344967,-0.5123320419427172,6.23096031369924,-5.619332371159465,-1.8723659595194713,2.778861388444988,3.128558306845283,3.172403217024704,1.1325155255375998,15.175694364371058
-125.0,-6.366406794129931,-2.6532313006155683,3.7131754935141914,4.542530799176315,-5.067963285847243,0.46129794719394757,0.9909356301665961,1.0464196112631923,-2.3320613920211644,-1.2671769982848395,5.747737280346749,21.28161255017789
-124.0,-5.024375868080215,1.5479668128896176,6.572342680969695,1.6950441352663546,-5.829175464513239,4.063790995693031,0.13755417694341812,-3.3661866073938844,-0.9730469071164379,-2.8974756647721875,1.370614602193268,7.532362227394733
-123.0,3.0259350450980356,4.706585060832228,1.680650015734234,-3.906990952232693,0.6364386463287612,3.1941490886541435,-0.08688367106374252,-1.7109816486137706,-1.1603938637769629,1.4674335471796338,-4.384388074032816,-20.015237643131876
-122.0,3.133323927840885,4.513835764167147,1.3805118363264575,-3.7836084718226095,0.9127000344026674,2.948279953995504,1.6111648126284672,3.9237490454044814,5.631177635260236,1.9217594983728488,3.417060217140849,-19.99876135415062
-121.0,5.259178129698467,3.552458338769536,-1.7067197909286487,-4.364264339380448,3.5147311899887863,0.9284229643475164,-1.3762151733988262,2.189929279805376,-1.3386152427642914,3.2117778261303673,-1.2624635107984474,-5.930757605830944
-120.0,0.9427199189888285,-2.3331738560929627,-3.2758937750815837,0.6591131226937832,2.0618403600473316,-2.7910093487069383,-0.36350566063182477,-0.23645677628378237,-1.1715449224676484,-1.6462969832108318,-3.4230280947352942,6.803491600919498
-119.0,-3.8800502273430606,-8.14175015877876,-4.2616999314356105,6.0536100475894195,0.22653497546572687,-6.177896836353041,0.3199100027774007,-1.0932052662778124,-0.08314054346880739,-2.72794161262799,-0.9637978352596608,9.352040163394962
-118.0,-4.006835832869598,-7.76019987509701,-3.75336404222743,5.845911830390375,-0.0826584936009257,-5.801050439947817,0.5240190132184139,-1.7804959167846472,1.4641595637408913,-0.29489094132014393,1.9352463818095633,4.861283485669843
-117.0,-0.3158869785006675,0.6772791606002322,0.9931661391008141,-0.2217647278497341,-0.6795593488287877,0.8783808556643322,-2.0221648952839812,-0.7866864392675893,0.04966221385915451,0.524227230180981,1.4720405583456257,1.160360288413166
-116.0,-0.4554039103077775,5.09530062673546,5.550704537043095,-2.2871226985210606,-3.0205738229915715,5.2921413176720495,-2.4523171898860903,-2.60503080545651,-3.5403644555398817,-3.6093207501491262,-4.595217348699023,-4.066591394523635
-115.0,-1.224226066113942,4.848003479606015,6.072229545719878,-1.7840522546866677,-3.663133282185438,5.429092158194438,2.665791786178457,-0.27996091160483155,-4.296887125558365,-0.7608561257288722,-4.531173534326696,-5.820617554555098
-114.0,0.9002948751036356,1.5071286602022704,0.6068337850986496,-1.2581514402297267,0.12857300201457722,1.1000720627128548,2.6486516616776514,3.5290487940234017,1.9033650165375522,2.5754519414980344,4.908810822741649,4.880269555535632
-113.0,4.847295269835308,-0.052820070557422216,-4.900115340392717,-2.373685128501216,4.847708012554032,-2.519576229746116,1.7728710584059248,2.0538401920414646,5.393137343409852,3.479019643047719,5.906973897805793,1.71706100718758
-112.0,4.1542155186286625,-1.437492306531763,-5.591707825160417,-1.332356012146633,4.916284685912345,-3.4869068442064033,0.6874761601122171,1.9097887116320458,3.169841632724885,2.257224636704309,3.6111010193147237,4.05437156118523
-111.0,0.7514054532150611,-0.33891055616550503,-1.0903160093805653,-0.17527286490260713,0.9566191824003414,-0.6931782114617886,-4.145324288904709,-0.606304731065989,0.17959634037176464,0.7646519000308504,0.8516101699318396,0.9994091106889402
-110.0,-7.751877830091465,-1.5860814394426912,6.165796390648759,4.62704609293367,-7.005039590466177,2.3081184151326246,-1.2754293804535233,-2.654005037481034,-4.266259329854421,-3.8922261256619475,-4.118592138920162,-7.267204275842137
-109.0,-3.376029953294661,-0.40281740024259527,2.9732125530520293,1.852246079468793,-3.1403808868596803,1.224921303539721,-1.6425320231111789,-5.178220740417961,-5.103034589297069,-5.092732787367801,-7.621264696084232,-6.714619856505367
-108.0,-1.8390505610529484,0.6522803602816549,2.491330921334583,0.6371333008567022,-2.1258901654995737,1.5932116470529443,1.0023721086142725,1.648450982256978,2.2650910774287283,-0.615559012173331,-3.762326397360761,0.4972318457706164
-107.0,4.487684019946147,4.665964812996985,0.17828079305085898,-4.612724574096159,2.1207690770551855,2.4479143594677906,1.8732164702212195,2.8611823490327204,-0.34798515788120343,2.3839396432433873,0.9198737725564841,5.070798510104086
-106.0,4.467566715496863,1.519621683394726,-2.9479450321020995,-2.954133796314344,3.676814735114733,-0.7627311733318062,0.9733035332497548,4.692382966268642,7.059164805174226,7.233583096225309,10.938258175591962,8.648902553283845
-105.0,2.448443671081595,-7.522499004115925,-9.97094267519745,2.4931871940152006,6.177526405806209,-8.713424149824398,0.17311321871636487,0.8786396890077277,2.2135713052641672,3.0316578079099017,3.675225562452705,0.9171711744447943
-104.0,-1.7723378236609244,-6.087631503490114,-4.315293679829102,3.960713823179433,1.3130182148800842,-5.1671295367454055,2.0584766393616185,-4.59665249043203,-5.180454275356954,-7.246105916003838,-1.2012919972984428,-6.533796700298183
-103.0,-4.545337881437728,-0.5258390262440746,4.019498855193741,2.5636965326119916,-4.326143791665226,1.7012698402062363,-1.5613792527440964,-3.540563984137454,-4.032964562149758,-2.9858898959298967,-7.361169975379266,-6.439386977849203
-102.0,-1.249758091160102,5.245761027753049,6.495519118913186,-2.0492205466004023,-3.8423329373192296,5.822477676754604,-2.831061944700672,-1.570779916248954,-0.01738723000901965,-0.597140838669894,-2.783650260323167,-0.039798192294363766
-101.0,-0.68213647950504,4.056482353705419,4.738618833210427,-1.658457042154913,-2.6802202723617596,4.425443958711069,-0.7882259459855492,2.062770007564447,0.07286712232616041,3.4256472473426056,2.5464073937363136,6.215190135390748
-100.0,2.0723568769373566,2.9351360274203393,0.8627791504828912,-2.4729000659788944,0.6404608775264822,1.9255245701697903,-0.23442925717333407,2.590907558583831,0.8680648772383803,-0.603725640550719,-1.9489049302609018,-2.930687504637309
-99.0,2.1434655078792515,2.0967659813242534,-0.04669952655511489,-2.1658830603254033,1.0621688928028297,1.0524568538871586,2.420028518764825,0.46224449904405795,-0.7805202497520891,-6.404670013828623,-2.5442788222780566,-3.086932976620624
-98.0,0.5651761710115828,-1.7716464278791655,-2.336822598890818,0.5589507064075373,1.4302793994226974,-2.0240496204699974,3.3539528836815404,2.6398527291576652,4.341155614728705,2.870407547193349,0.5847455160779884,5.457141018198552
-97.0,0.7636394076946277,-3.3696946236710548,-4.133334031365674,1.3381192124402672,2.438872399585484,-3.7965676215513295,-3.202357193819609,-0.9242210391205197,2.7072778965978532,8.273775253608724,12.62718186882848,5.918508546408089
-96.0,-2.477531169863041,-2.047492471000173,0.4300386988628784,2.297463148366398,-1.4558589891250746,-0.8507462314917245,-1.3623067266993103,-2.6193635694351833,-1.2017250241323418,2.6241265109724536,2.690427555239648,0.4178531120542852
-95.0,-0.9486771298251185,-2.002850079577032,-1.054172949751875,1.5098635954308117,0.053475786763942434,-1.568449611619491,1.8573504137626462,-1.359089034276304,-2.3208494848922046,-4.967762476673121,-8.64510356877945,-7.079664860761138
-94.0,-0.8756713901328135,-0.45343913082963216,0.42223225930317976,0.6182153203206064,-0.6500093359302133,0.0248402584352172,-0.4382676199934348,0.6488912221847305,-1.4790250681790482,-1.7578056012970174,-1.454387451555366,0.17165516255917534
-93.0,-0.09867771855309765,2.9390010577331953,3.0376787762862087,-1.4691382012538126,-1.5746157562539687,3.030880652834163,-0.5003284220533695,0.15765110663212084,-2.4172313935587133,-0.943722485546612,-2.1984060733244304,1.5561668607807775
-92.0,0.8463975178730259,-0.8119842271097761,-1.658381744982917,0.009231698608621386,1.3169037419581127,-1.18966673625606,0.7805195075910144,1.0796624962176558,0.43183218602496454,-1.7779976495677237,-3.163867757981147,-3.853976298082342
-91.0,2.273064337873133,0.8194621206225929,-1.4536022172506005,-1.5231466651837542,1.8397668194733483,-0.34706050614960837,-1.3807286040480335,-1.4402661854543204,0.8461493068236619,-2.673466276273887,0.1742343429783897,-5.273748842134324
-90.0,1.975062604760074,-1.8093161818648495,-3.784378786624874,-0.06213673968797817,2.8458307758284858,-2.8246642038596637,0.5713292923696833,3.520125481426299,2.6415882447689665,3.858255012254537,9.464248716773733,3.475269943219268
-89.0,-0.6911808373319533,3.2550157261010426,3.946196563433118,-1.340639443361455,-2.284634039616905,3.5727295920627817,1.0220911988481194,-0.34870254155551583,0.8356918822675197,3.1117993377652753,-0.3796924727594093,0.4332908901490238
-88.0,-3.185439345933618,2.522282150072458,5.707721496006185,0.3527626029626116,-4.501686058988914,4.0846761212892355,0.7171080942084369,-3.503265006619835,-0.6278208616722466,1.4150106826775608,-1.5527248237135023,6.585926954553151
-87.0,-2.851544315337947,-1.6785808790053736,1.1729634363326318,2.288767415856839,-1.9972607679376508,-0.20819205587456513,-0.011168391279645196,0.9618745565524014,0.07191680915268941,1.6632891341189768,-0.9498021403995497,7.0827255066564705
-86.0,3.160764802437164,-0.5408382757648049,-3.7016030782019733,-1.2835008647124857,3.4408121971305037,-2.0801278623057686,-4.555578635333253,-1.2661189047429549,-0.8102528041147756,-5.655856789466172,-4.557839483996966,-4.516271032262459
-85.0,0.7748529914251808,4.251412451021448,3.476559459596238,-2.563846376662358,-1.3422716293377357,3.8244265780588904,0.5773135457092888,1.6660654025294015,-2.6219102555938507,-4.319915780057424,-1.4014592773947003,-0.3697087410513804
-84.0,0.11325225532021388,-3.175362733228802,-3.2886149885490905,1.5583453142366412,1.7126647451434334,-3.192729356882707,2.2487644135645546,-1.8835363576693755,-0.1272625844457107,-2.46379575150939,-1.2693956798540773,-1.490784470678776
-83.0,4.643704158797061,-7.787341721089515,-12.431045879886659,1.5170234825418227,8.554915229160796,-10.147394503079404,0.6241104547069155,2.1911136194526337,0.42420367297346934,4.818867538568436,8.124175934963594,-8.742160839041805
-82.0,-2.1756434173749235,-2.284198916739236,-0.10855549936438535,2.2488063674998995,-1.0100995607365753,-1.1547235211056055,3.759172384018524,4.731171600639652,3.6333557929094544,7.923910774743841,3.4731206606120555,-6.131370457664643
-81.0,-6.772203645562169,1.6628155324266887,8.435019177988806,2.568488517499348,-7.655528626238762,5.011416649894232,-1.5507572157690641,-0.839103072784017,4.609002633858963,0.4070327464714536,-3.2063200377962913,-5.8046548707532475
-80.0,-1.5233575963452293,6.276947687958891,7.8003052843040965,-2.3662265523164745,-4.714358706050165,6.9986614699987655,-3.422656843696802,-4.425611934406795,-4.247365667677819,-1.8203887122611269,-6.473623588750731,10.94775468064146
-79.0,1.3018166839896304,5.506489827971782,4.20467314398215,-3.3936445211674524,-1.4294102791542995,4.89038374985577,-3.0820867495566135,-3.5893030248264663,-4.051458902454569,-3.3704498697671585,1.778113127378293,12.848559973885655
-78.0,0.7056966837393588,-0.3877662743944308,-1.0934629581337814,-0.14509356751093572,0.9159634006990479,-0.709884253801575,3.0001186870044134,-2.0818254442363493,-4.351580915162028,-3.1873574949330443,5.091672828752694,12.414403565725681
-77.0,3.8999002061375916,-1.2718785284316731,-5.171778734569212,-1.3728832043294155,4.548097077637768,-3.272311301794317,1.8716358649675027,3.659713393311942,1.121018248112669,-1.1273060506029933,5.967267134602733,3.85174161184091
-76.0,5.494680693240822,-3.493943062447105,-8.988623755687827,-0.9732759379242838,7.253663755440087,-6.2126306495022465,1.4193177269228237,3.2896401549395113,5.535733133702652,1.51256604003173,-3.3562051791505167,-16.23813035591769
-75.0,2.114631953441881,-3.3822405649876406,-5.496872518429411,0.6677437255103684,3.822183954276009,-4.407420301671261,-1.613255222800686,2.1911648113982634,1.4223150214813747,1.1923287772487512,-10.900255328787432,-20.159745495695308
-74.0,-1.9280965623748199,-0.9171190772431803,1.0109774851317357,1.3829873217561166,-1.4450548171503406,0.006011293231117598,-0.35431225558574664,3.3075160167883646,2.4633772883729486,1.9554687910822677,-1.0115743570547968,-6.165571425369693
-73.0,-5.658327954107566,0.8376455198734998,6.495973473981042,2.3735148895881997,-6.12198898896284,3.7108330511604835,-1.0905977243203693,-1.7665362133195228,3.3508091857060003,1.7677258788503456,-3.6767323285548934,4.911097742360973
-72.0,-7.305326371290857,3.5930371669514773,10.89836353824224,1.8983041095664772,-9.138239680266002,7.215774252975557,-1.6753861936864867,-4.570700503725692,-2.730486121140415,-0.1618509292445527,5.407765349947072,11.113139803201406
-71.0,-1.5413974015711536,-0.11818606840680834,1.4232113331642111,0.8698523505386517,-1.5127362701603255,0.6246911296363074,1.0543890780174885,-6.501824463201681,-9.053016285245295,-2.4607052049595097,6.780342658182876,10.946509865540314
-70.0,3.062592289434621,2.0901294708674376,-0.9724628185672803,-2.6191292486643123,2.069036587749909,0.5301833181943785,2.728252574372455,1.7983073260433748,-3.473302481936177,-2.3645491499029907,2.783836588906375,5.902606393298437
-69.0,6.213170781337352,-2.182357318999201,-8.395528100336593,-1.9850975299812188,7.356790007415693,-5.241818623806682,-0.10788757902464541,1.6924616330741427,1.2552421259672923,-0.424627973908158,0.9072320267815388,-2.8857745075146175
-68.0,1.8855585425412507,0.4230789687006703,-1.4624795738406418,-1.2094926870849199,1.64699111279187,-0.4764250831106698,0.20863187621243912,3.2619873946087923,3.6061880799002624,1.3700432744069282,-1.526961595685587,-10.516579870377498
-67.0,0.5623726101162534,-2.2929278837319,-2.8553004938482074,0.881889481856552,1.6796963636599775,-2.613201812990093,-1.0131707800366574,2.8890675496439333,7.687444454264572,3.328920862842648,0.32372278096237483,-2.166671020691836
-66.0,-0.6905878727420607,0.1445174321707634,0.8351053049128729,0.2835406081092857,-0.7167845617329045,0.5267005913568459,-1.4207067119581072,-0.38323717547385927,0.3064068083334721,-0.3332334835721096,-4.294080081448634,-2.2926148320217585
-65.0,-2.475388211755217,1.689518976068928,4.164907187824284,0.39926043912957754,-3.3577696424734427,2.8836401350984793,0.06397041990101304,-2.7304531035344235,-2.8825267023551806,1.0159266706674104,-3.720390590324331,1.753873987813835
-64.0,0.20434221567997612,1.9834402985350088,1.7790980828551737,-1.0891283588094605,-0.8308152104518025,1.8372374328352814,-0.5244230610259424,-0.41333269997957456,-3.5409090901501004,-1.7571506536416404,-2.056539485073092,0.7887490990329408
-63.0,-0.16050323286536394,-3.8967770157293997,-3.7362737828640054,2.0345584396067538,1.817503040321347,-3.780656350069255,0.07675553530263506,1.6408554978936194,-0.08030703934386807,-3.2982740856467885,0.5858720909430576,1.078359276799092
-62.0,0.6668697879613624,-0.7324195399219001,-1.3992893278832923,0.042147042442553406,1.0582600858683837,-1.026890717312281,2.5660228806660528,-2.8159560365415723,0.80723519910966,1.0285296655413652,1.017712780156185,0.8888341921182237
-61.0,-1.70575509138238,1.9210490899244652,3.6268041813067406,-0.17193812800878644,-2.643549969808267,2.739064983698751,1.440365158285471,0.15460370837339177,0.473543990536251,-0.10549362812246968,4.038524683085471,2.459994665786418
-60.0,-4.684261649637093,-0.6910661474001649,3.993195502236869,2.7082067602848734,-4.316458337645545,1.7008523015980712,0.6094095481207285,3.9439975814417636,0.65857833054846,0.9509188923633822,0.7173039700152675,1.3483215810288074
-59.0,3.453663106297277,2.7892912846293814,-0.664371821667924,-3.094377341548555,2.003541854591475,1.0389049495962108,-2.605747004480968,-0.9333810076705813,2.418087610328392,1.638699804733779,5.352846849721092,-2.7331397050259043
-58.0,3.4171352987937644,2.0364883976140318,-1.3806469011796765,-2.6932044619573436,2.3453789122762667,0.30774831460263247,-3.68847275925835,-4.944395502651407,-4.578090235762925,1.893873111316991,1.4085239048707008,-2.2533020046334737
-57.0,-1.2441673833565874,-2.933414366630746,-1.6892469832740544,2.04949125328396,0.2506616346530899,-2.33108544681282,-1.583164058522699,-0.03857535056084349,-2.058609473651786,-2.6499072031514013,-6.69206107042245,-1.1701642155970189
-56.0,-1.7667269650280697,0.22251121177030986,1.9892381767984293,0.7373728286964341,-1.8457048062184422,1.083611060947933,4.914363476277906,2.3338410552333855,-0.22322879780881544,-2.3855278694077304,-4.022756637041214,2.2829084610720267
-55.0,1.8939031591800353,-2.941742699625811,-4.835645858805867,0.5708301382632779,3.4026819121524428,-3.8367561199675357,-0.878304045457698,1.8425361946405177,2.6337474823160067,-0.1747980244534575,-0.8067144185011723,-1.7237910926810305
-54.0,2.974999520249556,-0.8400382516943015,-3.8150377719439654,-1.0981098014103527,3.3607890947140517,-2.280972701128039,3.5345797456612016,0.5279425198082943,3.7855381154618843,2.832311234541416,2.3917045591097374,5.045122513579514
-53.0,2.0467797760984743,-2.0239029505125585,-4.070682726611173,0.036554726380204815,3.0308075539579225,-3.0846465105404235,-0.7380053861091789,1.9769220405932386,1.513369036578053,0.8854371588200785,1.4458721297898343,0.18736641349092076
-52.0,-0.9645345172671017,3.2976783001307832,4.262212817397847,-1.198190302478979,-2.5582374334242957,3.738301201825172,-3.282001737322785,-0.9234468489485712,1.5897890362822509,-1.2610415407669575,-1.6901192062526853,-4.539575569976435
-51.0,-4.938380912559898,4.200352050878342,9.138732963438283,0.3365513258536164,-7.061263724998498,6.703710234302426,-0.26148209365939823,-3.3595264111306196,-3.8484068789296257,-0.15891931665292597,-2.4871928044651845,-2.2791279718835415
-50.0,-2.4416825624140577,-2.2713974946660773,0.17028506774807806,2.402764119370886,-1.3316584847107822,-1.0962870950018178,1.6956756411885006,-0.11983246512924084,-4.28791964821674,1.9463888601761576,1.217404600370051,-1.1666951078736585
-49.0,-4.815035532560882,2.6980016613666615,7.513037193927728,1.0272842021868054,-6.195729263529962,5.1394905999015075,0.6694037839308371,-0.9351573493596548,-4.531154123486945,-4.269791009837902,6.993131864617629,6.02864907097421
-48.0,2.16954668628606,0.21362413023070737,-1.9559225560551998,-1.1412713092701865,2.1027135458542796,-0.8342386755076513,0.5929298837258993,-0.528854390203111,2.296601892705241,0.407072629341082,3.4792331897453996,3.4246796125002215
-47.0,3.5601122424489526,0.12771019042977927,-3.4324020520191123,-1.86844802895536,3.53061732831872,-1.690033811077071,-2.728894880489032,1.1714388300325624,5.8476555122875595,1.0481370517746158,-2.30880144237996,-1.3660650883607757
-46.0,4.329666144734363,-3.9683084984729873,-8.297974643207425,-0.20107246191002104,6.267436235938231,-6.088048973366432,-0.17465169981508222,2.3968388585127416,1.6942371712738402,2.5866725075208334,-3.675703432308543,-1.7445852902119916
-45.0,0.7085451203559132,-6.387295048093853,-7.095840168449932,2.8223092099102773,3.937255183150184,-6.772701773365443,1.4009901080202316,1.0046375669733654,-0.33523626429527864,0.3469215445434617,-5.150636960533102,-1.6100807479572732
-44.0,2.0656996176994213,0.004171923221375717,-2.061527694478231,-0.9717264903779059,2.026933476240868,-1.0595532407894752,-1.4888570546611,-1.4975966822735804,-1.4523463315594694,-2.787443947286827,-2.720123698796912,-3.1083872341942897
-43.0,2.1216474566249754,6.541280752070967,4.419633295445926,-4.347983190147748,-1.0973381256260564,5.447903699866434,0.7470744066064858,0.19213713318959236,-2.1014301509409576,0.1879942332650184,1.6209858408496185,-3.1118651761843803
-42.0,-4.455179286604277,3.38518498784263,7.8403642744469355,0.5147809896254463,-6.165308990468715,5.656661313795251,0.47475779374178506,-1.8025956262560463,1.0879377650661923,0.7481432143493487,4.52310197197172,2.003354643675556
-41.0,-7.723557594845079,0.5906674066950863,8.314225001540233,3.540275756733774,-8.029607879715094,4.4949899846062324,1.2922514012435256,2.396263274596379,0.2509568653582204,-0.09189287140852098,3.3025966188739395,7.238157469275855
-40.0,-0.3067389357364041,-1.1501570581738936,-0.8434181224374431,0.774022143365976,0.2597516247827736,-1.0323482494518723,0.845766958889333,-2.19776488758665,-2.3963226534179225,-1.222530328531191,1.098369348966528,3.3769498476024786
-39.0,1.4829204644876046,-4.687670362453232,-6.170590826940729,1.5628669993775142,3.815067380348864,-5.38339702465017,-0.16432950044398809,1.3120123996223045,1.3746168601597615,-0.5159968643479659,-2.0790710016233844,-5.468031554864556
-38.0,2.6527895573456206,1.7735310310966734,-0.87925852624881,-2.1778139940110726,1.7470651777089388,0.41745861277813257,-1.6959159636463383,-2.215701266644661,1.3967740787109988,1.035647638802792,-5.76644304269359,-1.527142007482346
-37.0,2.590729574985713,2.4092689964013703,-0.1814605785842307,-2.543675395104948,1.4366886694885967,1.0868538956928924,-2.3934056449544805,-0.11298685410899784,0.2894046932995218,0.0540354678689714,-1.6318367484409522,2.3154768340168554
-36.0,1.0085603133824819,-2.513018203087845,-3.5215785164702735,0.7907509989698205,2.228378117965611,-3.043615503028191,0.3164034894103065,4.444438127084212,1.1791469209858219,1.7538784188816632,7.644107671062114,-1.4380907173433297
-35.0,-1.8914778461345219,-3.676529010840792,-1.78505116470633,2.8284955575358883,-0.01699901321418551,-2.6799596408673545,1.8943143080879439,-2.557589273537743,-2.3559950937288425,2.760601935139042,1.1305661589332945,-3.149670084877973
-34.0,2.401493099107755,2.4821880155997706,0.08069491649187888,-2.469817416904302,1.1943308522920564,1.249823234568739,0.11320277658663436,-0.3243078829954734,-0.738741192125144,-3.348859466795207,-1.5861980147611052,-2.797132856878598
-33.0,-2.4966697812454264,4.604369291642625,7.101039072887884,-1.0776663372130628,-4.8427342804741595,5.8945960353449225,2.57358693084756,0.2711366582860914,-1.290907516258401,-2.6749871001270136,-1.4521167826030883,2.883247880129449
-32.0,-0.1419467639646097,-0.8004806001949696,-0.6585338362304651,0.4477961477118025,0.2174542143710858,-0.6938317413687471,-0.8942599389604362,0.4726878019158172,1.8335504444380035,0.1618124983612872,-0.9490306224714566,5.638303456137822
-31.0,-3.550752123952382,-2.139087859459999,1.4116642644923492,2.8180061958251894,-2.4394404305521764,-0.4133841244026104,-2.650868340591397,0.09881310428145892,1.9222228160406898,0.15381108350872652,-0.22249667735486656,3.5498382680866234
-30.0,-0.8165779861203906,-1.8699910643232238,-1.0534130782027478,1.389110210825387,0.08507451285742484,-1.5174296726188463,-1.9846058889314162,-1.8298699474456475,-3.0471209922957527,1.1612549321382133,-2.392756602286695,-2.772865177394139
-29.0,4.565389226297654,0.2112154795357375,-4.35417374676183,-2.348792790148029,4.507896748808649,-2.0525021064437095,-0.10133334947319705,-0.01494565486710564,0.3846614739014731,1.5001382435122521,1.538968898281285,-4.13394915262543
-28.0,2.7979151211078164,2.4195343863321734,-0.37838073477563694,-2.652512526182531,1.5587592380561055,1.039276454163033,2.4898607918720512,0.8740070739963821,0.3065579797906307,-2.050718438299772,-0.9455511344666006,-3.8783444111039405
-27.0,1.8580476580657501,0.5546163726904052,-1.3034312853753243,-1.1729372705271421,1.6294459892672106,-0.3509081464786789,2.1177852292824917,0.03017593142892283,2.8781147805848577,0.9644913481370094,3.7250572109014146,-2.182802906711006
-26.0,-4.288274184560601,0.5057551641434315,4.79402934870414,1.8474222676999588,-4.5739701107468775,2.683325937293201,1.6635387859406165,3.4822782547868782,0.6862872649932518,2.3718644468108865,3.4591641909622397,7.605452720221141
-25.0,-2.851766931612647,-3.3076452357951736,-0.45587830418241704,3.1184063261083836,-1.2353639075229708,-1.9135306035333572,0.18519330987927574,-0.9402427497838433,-0.56842555466643,-0.503068945610976,-2.1934496133664747,4.126945186048493
-24.0,-1.8410876612673794,-0.1891883748736649,1.6518992863937967,0.9798182855443955,-1.710563842165774,0.7140294597599539,-2.256931777589987,-1.829106199708117,-1.4869566455488283,-0.504882620558222,0.06899294501927256,2.2192600966591387
-23.0,0.49582999705486186,2.8338118268796744,2.337981829824812,-1.6170828993632456,-0.968459607535886,2.5808814566927625,-2.5618396783399624,-2.0990438378380496,-0.34013612269973326,-1.8055270862256154,-4.158574377601664,-4.744523008437537
-22.0,1.7268080624613784,0.539678461798241,-1.187129600663234,-1.1613360314322385,1.4863037620622106,-0.3209626939761221,-2.6417829515766913,-3.0454115228775986,-3.0627402649790305,-1.3780082402399807,-0.6441310322300937,-5.319334240007555
-21.0,2.1796593635598187,-2.6334613016770394,-4.813120665236974,0.20007408425519801,3.527198602228614,-3.718443931488565,1.984920564316128,2.254890490327857,-4.355301349889469,-0.5950354157976823,-2.8568918506482617,-13.043463245626636
-20.0,6.382115800065003,-3.4929156389297784,-9.875031438994917,-1.4713472952148583,8.164020408191094,-6.682501645004239,1.0656926976436782,4.939176783099799,2.915229196791482,-0.666738465035617,-0.8347487369166458,-7.584564915037676
-19.0,-1.8868162608044576,3.633232887649807,5.5200491484541905,-0.8214494259908283,-3.740602669540147,4.57068915159496,1.4967766191025262,2.0228695673624824,6.739332210400422,4.07624413552702,6.39366526482648,19.701509899216752
-18.0,-6.334233822969028,2.4160297801752195,8.750263603144264,2.0109776390539116,-7.5741434136574,5.567852607622856,2.650672754879344,0.31351184017973677,4.756674897901227,5.3262546248267055,8.148239004549838,32.82684741717864
-17.0,-6.743318067957237,1.7200679100521514,8.46338597800946,2.48530226007059,-7.632895638071535,5.1462173882061935,-0.854393253757445,-2.598683608188988,0.8475121181210068,0.6123266759719885,2.6755531113399997,13.177042974187216
-16.0,4.8595375152104054,-2.6793326132530613,-7.53887012846344,-1.1159210163194935,6.246827972273837,-5.140007845712162,-2.4673294575316764,-6.599824207062492,-7.911684174306567,-5.577449914715383,-8.594877192108166,-33.43485829921337
-15.0,2.2809647841575176,-1.4294135058785657,-3.710378290035971,-0.451683331522862,3.0380913587679257,-2.603916869707546,-2.570808363751798,-4.75194035241298,-10.18884461393331,-6.808915951429881,-7.327355538573351,-29.644220680692165
-14.0,4.294071926461452,0.6126477557719192,-3.681424170689352,-2.4800612381964116,3.9440541725693903,-1.4889572226257803,0.37510624030725115,3.262735671390325,0.3193840064368212,-9.250221071838265,-6.493462310752996,-13.037940625678461
-13.0,3.37418141942378,-1.6652314989306272,-5.039412918354248,-0.803520349270483,4.155808062487141,-3.3818260985835646,1.1796771516522475,8.617570746765171,5.4954071249780565,0.8676158799192719,-3.164805529985752,6.760707570930244
-12.0,-5.941222512174787,1.2479505611250241,7.189173073299789,2.39674925938264,-6.542220396427219,4.273154148497501,4.442311378505816,5.128929301586919,9.468737039788927,12.002608179608128,5.467406044917324,20.182145296379975
-11.0,-7.259872560013141,4.5522417692919195,11.812114329304848,1.3248488945248897,-9.513393285630851,8.16280493373613,0.5997015485349104,-6.25709542524905,3.4164927352715897,15.310889199434392,15.405081129362584,22.73839316547086
-10.0,-1.3989999536754634,-1.5419805312200414,-0.1429805775448374,1.4415487258032007,-0.600863088693325,-0.8595794159664516,0.12346974630664431,-7.596323386953047,-2.5240538969337174,7.08726552230035,11.62977688048684,14.951250022117964
-9.0,5.2625846571958,-3.7624300437643985,-9.025014700960412,-0.7789686490048229,7.179100741151347,-6.412103385551081,-5.806265693933914,7.046825567343398,-1.9181025412581525,0.15615361451117227,7.544339880409544,-0.9194290114606778
-8.0,14.012498160225707,-2.6424445663965033,-16.65494272662233,-5.635288330802677,15.299214686701228,-9.67155249502625,-2.2748074674536594,12.809429638123053,0.2804775352988247,-14.236004019496667,-16.431711619201312,-27.214490363348357
-7.0,4.428391998540675,-3.145615060946015,-7.574007059486688,-0.6706699040730371,5.973215784882559,-5.309883531187133,-3.6109163051793227,1.95274157218268,-5.133182773889044,-20.096065262881186,-22.483576588216366,-26.541381533972974
-6.0,-2.0898711580583944,-0.3279839019500703,1.7618872561084409,1.2580648050329795,-1.9519792205423547,0.683090602759572,1.084238561902377,-8.345968782163538,-8.095253488889767,-11.543745565663915,-13.477015564944908,-4.945243287081505
-5.0,-15.093224657896153,9.761728250156871,24.854952908053146,2.6357213298570032,-20.003251375962083,17.3512693634123,6.399917515958878,-16.02927151011551,1.4277171155735555,8.304027801804981,7.286035787754903,14.18054402917435
-4.0,-18.81968201070149,10.425270919760468,29.244952930462016,4.166503997435645,-23.989182150834598,19.801447994959116,9.573033838641363,-14.052783905837389,-0.3897475411467366,12.837351144322097,19.52185267651744,20.47123818588813
-3.0,-5.930014188491398,6.89469156834507,12.824705756836405,-0.4354859049802252,-9.341576455625734,9.910560714522841,-0.489674294280825,-13.995635294429736,-1.422416841576963,13.885790300766638,19.448276941783284,16.895181501149573
-2.0,9.634788482524021,-6.460216678318975,-16.0950051608431,-1.6211520875514982,12.894621931627382,-11.29797973465316,-6.391139646693298,9.575886823363415,5.953071850178727,6.270322522840541,1.1397684909781614,0.333132125451149
-1.0,24.86656392820981,-24.154060982160512,-49.02062491037039,-0.3142934430571658,36.89087806993995,-36.60101384892928,-6.164674023216998,45.726377251958894,9.95525169903381,-8.599582756425146,-21.02360135813788,-24.07564992890499
0.0,10.817289336242839,-14.210993996530336,-25.028283332773135,1.6561285745116865,17.947385675037687,-19.62973100472208,0.7060760219576521,28.147729042255634,4.586709592440404,-11.941484851821942,-10.679687032243702,-16.936055658605436
1.0,-0.47578801664317893,-5.438225654726221,-4.962437638082786,2.9902774327954083,2.1892298894625792,-5.211163887059405,-0.6475549733200752,-2.581936062298917,0.41019239208125613,-5.326980652177572,-6.749238618742767,-5.058066846692
2.0,-13.403927222066851,7.153497070618615,20.557424292685614,3.0746467682572467,-16.955246114752867,13.839835930860174,4.063112511849539,-23.643247466620043,-3.951239454181118,-3.7220648641538885,-0.15225507878745415,2.257995498496931
3.0,-19.21124785285147,29.992705247820695,49.203953100672365,-5.36720724648194,-34.18105881276689,39.65412299315609,7.589612640139334,-49.35270684229228,-14.591105704998354,7.055789565081225,12.757599300732432,20.12022524487894
4.0,-10.123382027528379,29.501487177128123,39.62486920465666,-9.668919475414777,-24.924851258050783,34.532482126557866,3.156797681799235,-38.141715118874004,-10.628715219255387,19.984930820255745,25.143917634696702,29.90908469666871
5.0,23.18665778659354,5.131085641170079,-18.05557214542336,-14.140188466972345,20.65121202101791,-6.420300435480481,-6.483358838168989,39.67165858213134,13.922773381293844,11.498718204972143,7.438048685290775,0.6303737306537247
6.0,20.63206034955749,-4.737242009662728,-25.36930235922039,-8.006670603891916,23.033557064038796,-15.093127448160505,-12.23091152850061,44.932335718153695,14.805619518031072,0.3727691774381161,2.640654065039237,-6.826902998312077
7.0,12.992685016324502,-21.86234303487383,-34.855028051198744,4.457326443653689,23.881304459372988,-28.397939501965556,-20.962933785161148,17.422974599109573,7.664769137199025,-3.7689931514298154,-3.650327192142923,-8.095108791621325
8.0,-17.953962022013734,-27.147524190573996,-9.193562168560831,22.578099585178734,-4.340529549676214,-18.127148309630847,-0.2675528678876109,-24.085322048364407,-12.451432730182528,-19.462017914104305,-20.23107640041899,-9.389526580358966
9.0,-36.127514700564895,-30.438245022848726,5.689269677715822,33.23759605439903,-20.94423105617735,-12.325195927538541,26.54379726998659,-14.237095338362032,-20.76884585890763,-32.41036982644551,-35.60754927772856,-30.29283148115527
10.0,-5.672636461351203,-18.903451344799553,-13.230814883448643,12.328060297003978,3.7461479928792674,-16.09076177844428,26.17379387310011,15.263105385375615,-8.752138828041769,-27.20017223754907,-35.62452798584877,-37.888969432637914
11.0,8.895528980899897,-0.9750435746116377,-9.870572555511762,-3.992940200450478,9.431630158486357,-5.442973427141926,10.134810669382869,3.4690397445112335,-4.797622824916446,-12.328751522044906,-14.611973445877512,-15.891643285299457
12.0,-8.23568692124198,54.5925792345536,62.82826615579537,-23.127829835593253,-35.55919211705563,58.68962189859063,-4.984729164399346,-26.615196637940706,8.604016263496781,46.38333098366578,55.68576079393459,55.0812339331501
13.0,16.813445398137024,59.53785500203492,42.72440960389818,-38.20142515703721,-12.900781654473715,51.10511620065395,-32.07460685988884,-13.582345507005886,29.977833138848492,69.32860079186861,72.48611858106256,78.21375789105178
14.0,27.16231162625524,8.124313345897132,-19.03799828035775,-17.669173133641188,23.078977420792548,-5.412959175417534,-15.85733477401092,7.979376576079648,19.208541012741666,17.76779750668203,15.883306712577202,24.573004639206165
15.0,25.760030240505255,-14.160843758862178,-39.920873999367096,-5.827571582555063,32.82090451963376,-27.007504620621763,0.2496805197960228,18.251057679940256,-2.1999889296452944,-24.600187200409714,-26.55478971421488,-39.04349081894327
16.0,17.35473024453461,-23.27396951703802,-40.62869976157221,3.0071860393829617,28.97154841569838,-32.00669625075613,-12.587966741691385,12.652047682626174,-1.4546708096781593,-16.540979258769475,-17.951217396688065,-39.303244178231466
17.0,-22.989265765444944,-11.12193754666962,11.867328218775498,17.099962076079365,-17.373195901179272,0.38852936903959545,10.02120393866423,-3.5569762101603732,-11.145826355830053,-3.750142483103204,-1.2367517507716173,-1.3493379776121657
18.0,-56.1275466674674,-34.0144300766387,22.113116590828554,45.03421500072032,-39.150249955828585,-5.938936914091517,31.70805325610931,-6.581193041128519,-19.55150088466148,-20.65653002340016,-21.560582064276236,-10.483371708940453
19.0,-47.28717406208668,-20.382307721893824,26.904866340192658,33.79681791845553,-37.13417146921341,3.2723962509939932,23.201763106711702,-6.377691467577306,-16.418851533389766,-23.942527911807176,-23.115840326662294,-13.309340127137855
20.0,-10.945137880544776,10.57599193521391,21.52112981575834,0.2256160896469357,-16.201345435330275,16.06184969836967,-1.33345622395559,-7.909491382228374,-6.775004719697963,1.0574558715593305,7.606324877556279,9.856756231309262
21.0,8.650088537763956,13.615804421734714,4.965715883970155,-11.169033569309939,1.8661593353236205,9.229102725628103,-9.93349428655269,4.731796775817323,5.183810091150012,3.23390470414968,10.860121281033615,13.438839610112423
22.0,52.613242143500436,21.844543248268046,-30.76869889523292,-37.18321108052138,41.7094609120976,-4.4406048607210025,-16.84564000466846,12.723437166190916,15.886614282233671,0.9081971511360685,-7.493141726866284,-2.5702348800868435
23.0,78.02280418728589,22.553160089099148,-55.46964409818659,-50.31677332697883,66.68365656055619,-16.432436776216047,-25.778831064170294,-2.164618073292509,1.2247186465081157,1.7011061714434206,-9.85458983697438,-8.976423375507785
24.0,43.91084526422741,-9.04544848404612,-52.9562937482726,-17.45636496789138,48.45093460307089,-31.049686222128308,-22.857970884082796,-7.304457498140737,2.8801448894713015,-2.987282689804548,-8.443782856093023,-12.314861663122395
25.0,-45.47069684662183,-20.25209283367746,25.218604012945598,32.92168226485089,-35.32275202341168,2.5172150631274155,12.692759610017632,-13.492376304851458,-9.34237164019615,10.215950249288099,17.333419167103646,11.495135035842019
26.0,-67.58775663421582,-13.112659694355028,54.475096939862155,40.33593515604288,-61.0809904909723,20.7191508033015,27.341226993177877,-2.2396120399276844,-5.035623746690029,25.813353155062494,36.26971349597572,19.11652121966816
27.0,-31.842843092186754,12.422080134861751,44.2649232270494,9.698073927606465,-38.01579290966707,28.30643394308553,13.312326344736057,17.694994926408516,26.020562392639558,31.97952511812655,30.53999461782844,20.933637190242194
28.0,-1.990697335619565,18.49829423110358,20.488991566722998,-8.267317912777976,-11.192936161902892,19.459742232071335,7.5697994362128505,23.90375764029744,37.85235150711779,3.478592581155182,-8.362409875229655,-2.117898320548254
29.0,37.25407498069184,8.415877499189618,-28.83819748150347,-22.85320635475132,33.021011395792755,-10.164097154115577,-7.173784127880125,18.454077775600247,31.577740011314223,-12.6318044274028,-21.157307761845306,-5.660082344427286
30.0,17.481360737969364,-17.744627653911834,-35.225988391882844,0.18442829291233132,26.331441779437704,-26.515952059846192,-6.20992674021597,-11.380031317023182,-22.447698176221643,-30.44374007700479,-30.491847720974302,-6.200761210267892
31.0,-27.461936687160254,-5.399637100861952,22.062299586296746,16.395282649099265,-24.78595872770304,8.379316860462012,3.4778117000115305,-43.14156590707677,-82.11297928314787,-37.071505261221404,-17.421518834628433,-21.67262961335301
32.0,-20.686482236589463,10.979951766872686,31.66643400346189,4.886759526501043,-26.205570996789113,21.291401418376054,1.7030663905051178,-34.19505359400158,-59.848390940103016,-14.577811775147335,3.398462020344411,-8.941926390289945
33.0,14.581151336278445,-3.341873043459677,-17.923024379737377,-5.67311560838337,16.294920442305745,-10.665639525467544,-10.016694257598893,7.89758868926836,13.149071971174479,15.672632767262549,18.95999180144636,4.514300074756823
34.0,26.340766658103078,-22.364504353782742,-48.70527101188418,-1.968028092095956,37.56006797403793,-35.49031915091394,-6.55189784702637,31.42186008029605,46.03651668621809,21.541873424331627,5.2997040661922235,2.1455844346626387
35.0,10.70005266102254,-8.058974256767721,-18.759026917788802,-1.3015900020296298,14.684946556724874,-13.442920995509159,2.756178668575349,21.591317397087714,40.918982603219604,12.376582100004626,-6.604891246015333,2.4056820262277174
36.0,8.095077495884922,11.93214495497469,3.8370674590904263,-9.99167771436485,2.1635759519526907,7.931532553896804,-5.202460816217324,6.241001613154943,21.039335032649035,8.817177146925143,3.4050617586895164,11.949276741651484
37.0,-9.684650549964159,6.52303846036229,16.20768901032614,1.5302922367853595,-12.908996306620068,11.337488375194674,2.2280960145337945,-2.980642438557343,-3.432303534053027,-0.9553465261444458,2.0728569120829974,4.373571548791137
38.0,-12.840755055403985,8.79507340785327,21.635828463256825,2.0591292251418496,-17.27709212068654,15.192688033603261,1.501277012159167,-15.165156994406722,-17.675073112650406,-6.498443724725655,2.5357604724350553,-1.9659769839142536
39.0,-10.206031016983685,13.919155059899909,24.125186076883548,-1.8911208423466759,-17.203306735039742,19.08315621718146,3.2344703577689344,-10.380233976211963,-14.437536257976179,-4.587857801674219,4.549230322993103,-0.3253318166530026
40.0,-7.875999803373658,-3.1125450425248378,4.76345476084925,5.544480929637357,-6.358716427517228,0.8110641531580818,6.959462461507926,-0.6620954941300567,-10.40904100490896,-2.053128456656008,0.5523717947619753,-3.2683470153324548
41.0,0.16230141420254274,-9.97737168075987,-10.139673094961994,4.881995632574764,5.187787738873911,-10.072351565634081,7.711441161773313,6.7690757067007645,2.7121061875915284,0.5375789901339827,-3.1562996464336246,-6.842240788561883
42.0,14.299502256247463,-13.874300597088755,-28.17380285333596,-0.2383755221152546,21.270467995881916,-21.040387205562734,-6.217346933379732,5.016525981970295,3.802034310848457,0.3656580026298588,-8.81046439006371,-6.98302417332798
43.0,9.767450416672283,4.860067927313976,-4.907382489358305,-7.3422825329878165,7.369785868890702,-0.04453072613129194,-4.655667792922439,5.873101534110041,9.149657938070774,1.6030692487058813,-3.0258538714583336,2.617929728711312
44.0,-7.455849639429863,11.859633163189612,19.31548280261918,-2.1555929691436932,-13.43130262085271,15.56223654355921,-2.4913745205211315,-7.3718943628106555,-0.5220198227028359,2.836253242854272,8.86501929467696,20.623406383759786
45.0,-3.5981425307855397,1.6621003139086388,5.260242844693667,1.0105326500196228,-4.393606576716391,3.51259585733459,-5.141189716619079,-6.788118326776897,-7.3384614850401135,-8.362229261026252,4.429088467210047,8.198425832904446
46.0,-0.08217363423946478,-14.470424513991352,-14.388250879752384,7.237143271825673,7.112922185298388,-14.37606247918608,0.9724526813016023,-0.09450541078061425,-3.335122896233332,-3.3362093294864,-4.8985157646473905,-12.319466758553364
47.0,1.8730633554057996,-4.324486112162202,-6.197549467568274,1.2632444372362137,3.9976394202533765,-5.2811896780481735,3.2605921954422667,0.30276778882059485,2.090832846859759,2.4246722620951244,-5.753149279573792,-14.816537268849261
48.0,-0.16912571706720972,5.858548953054354,6.027674670121721,-2.887532084700787,-3.056161233558666,5.929445189786097,3.639379059504039,3.5803911673519115,3.6138091555812544,4.247861255533475,1.232734580661782,-3.624726904251057
49.0,-0.558756093440228,5.049154438850352,5.607910532290964,-2.2893668010596047,-3.0413329832023304,5.319360109304917,-1.1950323484307424,1.494232755395642,1.8168269426111094,4.256823757877795,1.1817588390663087,0.40426762989105613
50.0,0.6053168890812883,0.5771186805357367,-0.028198208545176406,-0.5573675614889686,0.2787014698345205,0.2649514557734074,-0.25277874533160294,3.5957206119704828,-0.9503575223289249,0.9144339501191401,3.5559632382729545,5.614716723838767
51.0,1.769544813877515,3.011142907559078,1.2415980936818376,-2.3558238644257967,0.22407144264078394,2.1104545705153224,0.9450747540380694,2.656385819901368,0.40458393978774315,-2.7425004746652073,0.23320881057885634,5.824612894249356
52.0,-0.3326436539997366,-3.6589480708524897,-3.3263044168526523,1.95431217338268,1.5338403631503974,-3.5201715290799314,1.1622175186366435,0.13034973684956486,1.889776916832905,-3.6572484773438263,-2.66660748656643,3.590844834385588
53.0,-4.7931833567068,-2.5478757389195534,2.2453076177871925,3.7125823714605097,-3.4836658062632475,-0.11433618361474474,1.0173535174357369,-4.127348515046637,1.8610389376132617,3.5478506950125217,6.181528599679426,1.7585322712907483
54.0,0.7586187682609817,4.21541092867662,3.456792160415492,-2.5179430424367206,-1.3931492896690831,3.8595114564669513,-2.6985056931396287,-6.159659186924115,-5.272967380483009,-1.0399698310318044,1.6089586800089286,-3.0283909769003587
55.0,2.0465083570440576,1.1473501071777452,-0.8991582498664896,-1.5442884940811494,1.5070603511927427,0.13762826197977918,-3.7950548121218457,-4.386029237013882,-5.720979172250309,-7.276809349085338,-9.105852264762317,-2.6316904476420913
56.0,-2.197259138529774,-2.6001534307340477,-0.4028942922043921,2.3742487755035713,-0.9418550756077344,-1.4924591790135484,1.1425172346052963,1.1624267869008889,4.051447515674362,1.563180443049205,-2.6418283630885533,1.7021928826323953
57.0,2.55294858876716,-2.8074629669610003,-5.360411555728266,0.09963733807691955,3.991054447400395,-4.152283408079136,-1.2408299726491654,8.474411940700039,1.4519243469964023,5.558986468966796,-0.19156338482122948,-2.577974176136208
58.0,0.7591400639052688,2.8181960827009833,2.059056018795645,-1.8245675946028257,-0.6930693276244346,2.4555353995098184,4.375343992242423,5.665985656098108,2.2917305956210425,4.2738868917113795,3.238102274419102,-4.120567115454738
59.0,7.340503023352079,-1.0072623506839862,-8.347765374036108,-3.135834150274121,7.882777041384655,-4.650195137765177,-2.8819188823885122,-5.414081142469371,-0.7144609875289047,-1.8764619260909163,2.9732459601778185,0.3329423254332389
60.0,-3.863496865900105,-3.672095158594045,0.19140170730606432,3.785314770208465,-2.0621529027297454,-1.77910263100645,0.41245522026664727,-1.2390840327033832,1.217392253951203,1.9811244895715312,6.933469665452754,0.4382846433430077
61.0,-3.82891891957303,0.6768422549596006,4.505761174532673,1.582029242152366,-4.115391037132365,2.644307901793494,3.7501414854233137,-2.8961263464142184,-2.9727450850062587,-3.3233707908800065,-1.0861230005642444,4.748802185701717
62.0,-11.172029241389373,-1.855513231311815,9.31651601007761,6.51232893328143,-10.261442345966758,3.7159882441138645,2.8122102941087475,2.5757356405350245,0.7332848704087778,-6.061411348504028,-6.190390658533868,2.1468380414585146
63.0,1.479712510825136,4.473052709795191,2.993340198970044,-2.980012222693301,-0.7642585843128549,3.7260997916900207,-2.5318883556632206,1.4575320780637622,0.9204000214461792,-1.4052282979415067,-3.947640520751467,1.2809851518583892
64.0,9.905856474794335,5.466757584352309,-4.439098890442079,-7.687063939773724,7.172714256956354,0.5088312774386203,-5.115067616254606,-1.5657099719776826,-2.2148268610450677,3.8810822831988467,-3.0800452691371607,-2.9842728075413483
65.0,6.5913282580856345,3.999565521888049,-2.59176273619762,-5.289514037199131,4.595376989243505,0.6951571555115074,-1.8340865086635678,-0.7203890090734245,-0.6390260831217247,0.6303099230908202,-1.1897193621716124,-3.499573142408502
66.0,-1.8578054295654933,-3.6840736116800663,-1.8262681821145832,2.785607446977037,-0.013743421754924157,-2.7728288665561758,0.2997485880571813,-0.5024679218519386,2.279424832544324,1.4955874517311833,5.345921983601682,-0.8808739176348142
67.0,-5.387157804399292,-6.630036538790208,-1.2428787343908954,5.95358243957695,-2.0774212559696856,-3.887693494093883,5.7524925335502815,-0.9213161428953371,0.23318779135400436,1.3867750396682699,9.036437052378862,3.1779678338780837
68.0,-3.5632988252617643,-4.401727882995392,-0.8384290577336266,4.014438877665011,-1.379212770880032,-2.6634196255566844,1.9182029989307772,1.4777975749742591,1.8892582337262078,0.9820694795944054,1.666670754656379,-1.498715919106367
69.0,1.2628935951851772,1.6352452568816704,0.3723516616964925,-1.4891561595132874,0.4153132576504657,1.0272635640251664,-1.3923113555033948,1.3970589519772842,-1.4215221174602983,0.7421859964986589,-4.608402306779523,-0.721939738110286
70.0,-0.09192017308405825,-0.6217911261906097,-0.5298709531065653,0.40064959524468535,0.25594004410194915,-0.5609225319156441,-2.98508676761226,1.7250303668095874,-3.5755372011240656,0.07191010899220096,-1.6684914894382983,0.3226145033374479
71.0,3.2871672095648456,4.605511573870626,1.3183443643057848,-3.899115527831267,1.013519935308346,2.972871659156047,-3.0123855111937607,-1.9228643724048224,0.7568291547241051,-4.240979029268121,-5.012509601652551,0.4243658682872527
72.0,3.01158232968041,2.796633673211497,-0.21494865646888872,-2.9341168751188924,1.6398463590502772,1.2240305544546466,0.5114130567878752,-0.6963031360261139,2.2448248551137935,-1.4774250373322284,-2.5040780305360704,3.0475028476967463
73.0,-2.4735996659082,2.631208510801685,5.104808176709929,-0.1093416948036885,-3.8388239945498803,3.8855072164288895,4.763015048594245,2.682924301376947,1.9184683716849054,-2.1736462166496127,0.5065530511044994,5.755859302035554
74.0,-3.445339040651884,-4.293610785186891,-0.848271744534983,3.8367279956038396,-1.342127297205212,-2.5443979702807997,3.955281103590475,-2.2042156319718114,-1.924049943905568,1.8565841986865737,2.190170218475449,-4.448533726284046
75.0,1.3149879594374094,-3.630607580093736,-4.945595539531162,1.2010105034669503,3.172619331995576,-4.250761825528763,-7.079558406823002,-3.4686882485752855,-0.015493758686147219,1.7814570537845436,3.695816054982708,-8.310348121596878
76.0,-0.46297706818913226,0.8194139734993668,1.2823910416884616,-0.21562477945702296,-0.8244749184855416,1.0198399471994455,-1.5588878352396285,0.2077146118195483,-2.972963000072646,-0.2693600415749535,4.009038324093749,0.30004425730913686
77.0,-0.024398267872930507,0.08684390210335191,0.11124216997626757,0.01049307640747782,-0.095769675373643,0.07566968364414506,3.340649455385244,3.650175531962895,3.608982004324963,4.337362018202571,-1.6565438081912198,1.6967174143513857
78.0,2.1577574500199614,4.021833120001745,1.8640756699817875,-3.0451779989813876,0.11712219325973128,2.9230174688029,-0.7576099019045622,0.16813197432197957,-0.9977761861912795,-2.7814504443669783,-4.288215687017107,1.8431528399089738
79.0,1.5503382306928821,2.4353987028611614,0.8850604721682843,-2.0225498288606993,0.29703462243614714,1.717724887823712,0.5670689006417734,0.0650989415324934,1.0537988091720676,2.888833412453803,0.06855674758868924,3.8949945986158836
80.0,-5.113266743391407,-2.235377937246268,2.8778888061451124,3.6487435513306963,-3.9608592419652293,0.2946261237977998,2.3005090242773094,-1.386862329893093,-3.5895741350353156,-0.600711039025035,0.17476019110029917,2.2732850672580858
81.0,0.3059308330775532,-5.397449953315188,-5.703380786392785,2.521955858857992,3.0308011685543583,-5.5848395658464485,-2.3731190159199658,-0.4951456688036009,2.7323930424718084,-1.629243685487277,1.8376979179238402,0.12049463033249119
82.0,2.6806338419686466,-0.5521108557112684,-3.2327446976799727,-1.0110560969491211,2.9764895437566774,-1.8562344869866214,-2.2136709941741506,3.2164199778824116,0.9768259906498615,-4.253821794286185,-0.030078015838794783,-6.235252713554724
83.0,0.3748436827721595,-0.562795097521499,-0.9376387802936521,0.0632734668049533,0.5947583525364128,-0.7205481764339717,2.17109243857764,-1.45575018362435,2.1977659920171844,2.0444010071246153,-1.3307874837540055,-5.7710352329433565
84.0,1.1406123368993148,0.3606403659308831,-0.779971970968339,-0.7885415656098639,0.9792235233282224,-0.26236588284520723,0.5467924077857278,-0.010946402552517498,-2.659637557543233,-0.864884991239718,-0.37316035068869136,0.025735371761081982
85.0,-1.0144204928701597,3.5046786577966422,4.5190991506669596,-1.211429629296061,-2.7427988258905325,4.037600518127628,-0.16412341073983683,-1.3255607909693174,-3.181828031073421,1.9682296990952615,1.0684529823829079,7.498753532676651
86.0,-2.6242907461375555,6.4485557673118254,9.07284651344952,-1.8833591978307673,-5.817965085719689,7.788842346114805,0.028156315824045968,-2.3332624097181878,-2.063503204181371,-3.7263389096444355,-2.7033927326153293,1.8779227113893366
87.0,0.6351805818810565,1.4390707712955368,0.8038901894145241,-1.0096888518608695,-0.12634267138924615,1.0749732683228927,-0.7648776043373877,1.73788277715856,3.456411412402921,3.3276881719615665,0.7256162357033964,1.1123452021757083
88.0,4.546356411861187,-5.143219926884669,-9.689576338745914,0.24960991916207104,7.079966790310098,-7.379600859672129,0.008943108914303721,0.7833925671781089,3.4142509537307615,6.287005223836772,4.203412844087448,2.3140406241364038
89.0,-4.573267379777846,-3.757532953820212,0.8157344259574844,4.122081666877443,-2.6525578247114714,-1.50874165429394,0.22454207342843546,2.5101230569006736,1.817264073137347,-0.2615506264158296,3.1820394857718597,0.6267930951160959
90.0,-2.947848183538507,-4.628615772221396,-1.6807675886830677,3.8306856685533948,-0.6713045839091395,-3.1892201004686647,1.4376541198515642,-1.1805961438811843,-2.7742250165161684,-6.988790395172188,-7.297333170501918,-9.77524390263032
91.0,2.252577404651947,-0.7610437927561058,-3.013621197408204,-0.696541076136709,2.6725360001121055,-1.8405358126570859,-0.8766926857290449,-1.9481828302635562,-5.114244475616262,-5.213664437747037,-2.5373858582485185,-5.570555471264207
92.0,1.3349287488826147,5.415209612541002,4.080280863658305,-3.399741085548075,-1.4124171065983508,4.796434297151264,-2.3659777790884053,-1.1708573814947374,1.2470790370709657,4.297433777356833,-1.3079376489019654,2.2992868191930844
93.0,2.77464425388788,2.195993023878514,-0.5786512300093489,-2.5081807214810925,1.7173993983867035,0.7795056831239711,0.41800520625399407,3.288895463517356,2.246666945301194,0.5667728623778927,0.8320563011636153,2.8424351204028664
94.0,1.3282324505343763,1.9401320805830595,0.6118996300487685,-1.6583960455539757,0.40270307514369025,1.246073736956452,1.1655427636007172,-0.38506733883917,2.518360913332988,-0.07033374696230332,7.449654800489035,5.544527420859144
95.0,-2.1361917788073734,-0.983630984207863,1.1525607945996275,1.5322258952587664,-1.674001078429943,0.13022519954002498,0.77498186530509,0.49255652963974417,1.1258486995878823,7.872929226429854,6.0016361474625715,4.810430093723401
96.0,-5.480051863769098,1.4113909529986992,6.891442816767872,2.0815889412614013,-6.211646825833941,4.1131865415672255,1.17575098945269,0.15474572868310518,-3.8579036651411394,-2.9102658539455715,-3.188379068396912,-0.9828793847269015
97.0,0.5940099139788666,-0.872671613429183,-1.4666815274080371,0.18409199549008326,1.0061867924459769,-1.2142221907463726,0.4432661616778974,-2.5655427143815936,-3.341338644784268,-3.7875558581945072,-7.100629042795308,-6.157890619083276
98.0,2.184253488406809,-7.04387084286454,-9.228124331271383,2.3952657120955454,5.681904375493334,-8.107174899023839,-0.3909273516000623,0.8555462861997685,3.6127818055118324,0.9867715186322648,-0.88506207139383,0.23610981751636428
99.0,2.3617716839071927,-2.2741558330683986,-4.635927516975645,0.0011125971793903844,3.5526515969528742,-3.4284729112564927,-1.0559693808644952,-2.05953586035566,1.9315375340732404,1.571784887541772,-2.7568560332523484,-0.2976563147226643
100.0,3.0687508377971002,6.5808413080657004,3.5120904702685345,-4.85816493686326,-0.2460406074752337,5.075315888394175,-6.712278363456885,-1.5015546081960556,-2.461487489072263,-2.4583657399907137,1.400814310243292,-0.6775481645109486
101.0,1.5516520903147764,7.801356938444317,6.249704848129478,-4.711068919896201,-2.2916500546623753,6.982321551130486,2.4540715230990404,4.482034151656185,-0.29928541046185436,-0.24419865850579503,3.048701036291495,1.1741905340525558
102.0,-3.854869786634956,-6.585560638192385,-2.7306908515574935,5.182399186847379,-0.5782181910797004,-4.613265842675542,5.501067364572971,4.093816500488629,3.2273462480745536,-1.4047087394186737,3.957113835811418,0.6280100649990242
103.0,-8.71391184709278,-3.49706597899418,5.216845868098528,6.141992216360663,-6.975603010181988,0.8350759014089378,1.7540155539157674,-0.678236822094697,-0.8095348602206653,-0.1763928369066613,2.541927401999784,-6.156873719540414
104.0,-1.1569387477494741,-0.9098281036525511,0.24711064409684536,1.0659344385591032,-0.7080600808076394,-0.3503059244990798,-1.3870020256107682,-5.520533477358766,-1.4288872766435836,-0.6006798503234254,-4.629260291065556,2.35505212728616
105.0,4.823501753425001,2.5729840515380884,-2.2505177018869738,-3.66764704851992,3.531279224729101,0.142913854399353,-1.2057970219995762,1.017398914240663,-1.1112558971102109,2.9509109936039186,-5.684512204297889,3.901846265600297
106.0,6.355028650967092,2.6935063788869034,-3.6615222720802096,-4.571740305650315,4.997911662062801,-0.42858633235791066,-1.816608293745222,-0.982763872671538,0.10619634734462985,0.6606418976969457,-0.8631383754755593,3.8956074103596663
107.0,-1.1518433610837766,2.1500040742066644,3.301847435290478,-0.4648830975767355,-2.246262806478302,2.6933436149632257,-1.9621029698650756,-1.516603628397393,-2.500721409144681,-1.1129840830656865,0.5698339663195698,-5.031662380447408
108.0,0.073158388259286,-1.4931984926294721,-1.5663568808886734,0.6695768650234049,0.8675716158196745,-1.5730636041970392,0.4617715757799574,-0.8743815655275327,0.6297697376165432,2.4177457403061964,6.023960569981224,2.454384488592618
109.0,-1.3938358248451412,-2.9767643502496073,-1.582928525404386,2.1490241168658555,0.05238031093214374,-2.253176479127815,2.7256272771588534,4.103664351885836,6.6263690695802175,2.1873127461067305,4.635546876369305,0.822365239054694
110.0,1.6278904275572412,-0.45655976494510386,-2.0844501925023162,-0.5398017910341739,1.8844800324259152,-1.2479067750646102,0.36858062711391737,3.835104894253141,-0.04604774990248739,-2.8781199301288303,-3.3451962810125426,-6.187276429457746
111.0,1.2197201750981106,-4.622007115193611,-5.84172729029173,1.7491425259826419,3.5554755099139967,-5.207397882810015,-1.8255606542062155,-3.1374100551285267,-3.3290922626651867,-2.9939346330751784,-1.6057850701173413,-1.012583246090462
112.0,-6.556383036864706,0.5964878025216203,7.152870839386292,2.949873468707086,-6.907120376874486,3.9060921856430673,4.645083707514587,2.7766385634414847,2.7791877310222786,3.329997959240387,-0.10928313863641792,5.955237524395681
113.0,-2.302708411826001,2.4067556204736373,4.709464032299596,-0.0828151412100867,-3.474398004763307,3.5202157604551907,-0.09245703689319362,-2.4217176583674354,-3.112039137880889,-1.068147309059777,2.005372054685951,5.600145985314678
114.0,2.5854696179118424,3.81856519732185,1.2330955794099743,-3.234497029816584,0.7149883731099349,2.4967757513396727,-4.355653758197257,-3.651302282594368,-2.229299208182396,-1.0010909229067746,-2.410494135205476,-2.437384322808051
115.0,1.7769246694331646,5.042638704779138,3.2657140353459657,-3.3654304173032097,-0.7781781206970189,4.13110584342719,-0.7247315269938424,-1.4392356760673002,-1.6946326345136484,-3.8616074224494166,-5.699283197332584,-8.74122802198444
116.0,3.6459908688537874,1.4097982878243036,-2.236192581029474,-2.484950322891919,2.9104059552068366,-0.4336749087879038,-2.6813022451147477,1.518646840405977,1.068280421886278,0.3209730102107801,-1.9340890463944156,-4.168516160829082
117.0,-1.615374897050029,-4.988000623118355,-3.372625726068296,3.265315862641173,0.8471002331419832,-4.121744899340052,2.7826259180200745,3.160837045541694,4.07065174631778,1.8737645921381216,3.9506907980476593,0.5409490520285636
118.0,-0.964801196993185,-3.9199062557365396,-2.95510505874332,2.4059436651340116,1.0382100547812088,-3.457872639671519,3.4130729773533974,1.50007628953504,1.4127747239975381,4.983324148784623,3.2883709488365325,4.627307060331738
119.0,0.06634065233041608,-5.228550811370338,-5.294891463700727,2.6230691282555503,2.7178685310705095,-5.202626829088418,-1.2664698264778473,-3.7375372074837374,-2.5030917422228343,1.8390343779930038,1.6452950393477614,5.6698232814145815
120.0,0.5811508081407335,2.155728298867169,1.5745774907264476,-1.32827888207338,-0.5436582769678968,1.8472948669296088,-1.0203149372826719,2.0558692903263314,1.1345072844088344,-3.05635491506633,2.8460890427579106,5.952686651603665
121.0,0.1482114082984417,2.202101753958489,2.0538903456600446,-1.2178257854938632,-0.9245181626571901,2.112040795253954,-2.0680584910973523,-0.003296145971235065,-2.022877962283718,-1.54655607382244,-0.540302971057496,-1.6187383001226667
122.0,-3.161561091417962,1.581057903315417,4.742618994733385,0.7411116598396275,-3.924416109774849,3.146418642868456,2.971343726263144,-1.8003081004402048,-1.4164163792663054,-2.850766302103132,-2.2018767557386347,-4.8408131960078835
123.0,1.937076243449911,5.057172351826174,3.1200961083762597,-3.475457502574151,-0.6402197633105935,4.071301982945911,1.8709648639469714,1.0924609252618735,1.7633539603248556,-1.500561595640369,-1.841492833087624,-1.3147421431393322
124.0,1.386984494988847,0.039395825879816826,-1.347588669109017,-0.6991502959168359,1.3236667699769016,-0.6759074475092692,0.9902684132678363,-0.1559962432102621,1.5489278712261276,5.082743119019118,0.9409704816788933,-1.9886316514475162
125.0,-2.480823388647698,-5.086521528807671,-2.6056981401599435,3.792412588302067,0.10478436714658135,-3.79537745821046,1.1573934097269614,2.4890096655510963,2.683517150121888,2.4479966878756843,-1.7664002922168698,-2.5109077042976162
126.0,-1.067172495486579,-5.874267020451244,-4.807094524964612,3.477896842394732,1.9207042640665963,-5.296538936394053,-3.732399940241482,-1.6197218108531959,0.6945939336416419,0.7355741324156297,-1.9515738904216298,0.014993736662758196
127.0,2.3182958409989394,1.3188043018949345,-0.9994915391039445,-1.8089572020280693,1.6390670988796177,0.11941412692254749,-6.718833526824136,1.2342714169520137,-5.413017212800822,-0.3665948491420208,1.3213151607102485,3.90343301867959
128.0,2.77525523411059,5.75042713356475,2.9751718994541965,-4.247817117705106,-0.11351907007302287,4.318960592533963,-2.9962724371719602,-6.43498128818603,-6.157188696892176,-6.476971169495341,-4.855485597114312,-6.905820309935622
129.0,-3.7390911195910754,5.403065913247873,9.14215703283896,-0.8889617192677934,-6.451342525136659,7.306752368051349,5.747488679085322,1.1697432638518546,-0.01783868155656476,-2.769427527204652,-1.9878639689600124,-8.050923443139572
130.0,-0.14360390135012036,-0.5635368659795401,-0.4199329646294352,0.38170873389190274,0.12614279580810872,-0.5338670775041452,4.9788098230556574,0.6035890576894848,5.649979151392094,-1.5536831967334468,5.62841296634194,5.024904093337149
131.0,-0.864776670587204,-2.716355637690759,-1.8515789671035923,1.7447870392934401,0.4763286549050637,-2.24184816976438,4.5646413572750175,2.5350055354333887,4.177710145075189,5.626736472897595,12.997075278256062,19.937494127603703
132.0,4.857563716289745,-2.7178573275636007,-7.575421043853411,-1.0339763708712686,6.270754456669268,-5.0971674612223525,-0.2795060503120883,5.48296020429816,4.8347643442156585,6.991863808834599,6.292204048608086,21.848729420821588
133.0,-0.5624683774071653,-5.078698786580119,-4.516230409173019,2.8575600454654717,1.9444678513501146,-4.819636476567344,-6.618986449490687,1.1251453543782681,-2.8300764007296664,0.5794200267622895,-9.567380579126084,-13.011566396331105
134.0,-2.0565916866719345,-2.3930619323558693,-0.33647024568398165,2.182603629413463,-0.8204337858116242,-1.3825014883870206,-1.4580054598154955,-4.697924579827094,-3.379643545786428,-3.305891743662914,-12.563669421948639,-26.02792202890367
135.0,-0.49545673649328137,4.930864430446359,5.42632116693962,-2.183017965387168,-3.0043273997426616,5.160893656575814,0.16855183367483884,-6.968619926040298,-4.277771727929186,-4.390866391482823,-4.853928065484698,-9.263431482538513
136.0,-2.2168639321702877,3.441980050804734,5.658843982975023,-0.6597661366562761,-3.9039584883976852,4.528233334922689,0.6905551527480981,-0.2557070321775057,-4.674305100853481,-1.7344185881937801,1.709688517712089,7.138437740179768
137.0,0.3945023948779448,1.6739450151694144,1.279442620291492,-1.006911248256472,-0.4859251138867755,1.4472725600133773,-0.8966274524332587,2.1257572127580824,2.4781278805479285,-1.3059202817200157,6.074832377799489,5.182124745272267
138.0,1.6632640044661735,-0.3076097337933976,-1.970873738259547,-0.6552896054784323,1.8560668844471429,-1.0969569572552835,1.9635842672294235,6.9723163458889195,8.654304472238538,3.935557157059422,7.046144267053011,4.145388212808133
139.0,3.070769689368405,-4.70977318964647,-7.780542879014851,0.7588958622104,5.391107999618321,-6.206856076723935,1.4269248154189198,-0.32444304227642506,1.467639550934896,4.924009058602286,0.5855151774873271,-3.967228201818771
140.0,-0.3176550415470436,3.5327563428045905,3.8504113843516397,-1.5922274941874894,-2.034111558450895,3.730443758308047,-0.7242029391258946,-2.1368398950529057,-1.5426993634069874,2.6500397976834678,-5.6717973336799865,-0.20784139311699468
141.0,-3.002766326837558,2.686320854754613,5.689087181592161,0.17342815741968387,-4.369551262255287,4.152452934128934,1.04784656285237,0.6888433771072693,-1.5704761815231438,-2.011031975829031,2.5326840897236167,1.0494712323196542
142.0,-2.4166269121808384,0.0639818854154507,2.4806087975962847,1.19474457549968,-2.4684466516805754,1.243810518787425,-1.3019285650749752,-1.8128133293751618,-3.188003837126697,-4.88541571171892,-3.7523607596541058,0.33682294647556854
143.0,4.8812125393266825,-4.478467699793979,-9.359680239120634,-0.1765994603307055,7.102434600936104,-6.94100994333389,-4.041024302951988,-5.347686753413255,-5.611179615061091,-10.55650765444087,-4.0944952238429195,3.1131914929422257
144.0,-0.7341807813492522,-4.510732809071239,-3.7765520277219577,2.5769324231615705,1.5815788559200774,-4.160915270039961,1.0897400168042357,3.1503401538535685,3.436961793338108,1.274306903352616,6.102775943949457,14.664749082646775
145.0,-2.4441810407479987,2.0378466992051463,4.482027739953163,0.16666636631205045,-3.4838336814565243,3.3236845779659827,2.908675180010788,3.270997259117774,3.3583146599626215,2.13332971395643,0.7790540085559398,4.0350910960378945
146.0,-2.3187159353061872,-0.06790188219014937,2.2508140531160223,1.243551059787419,-2.309535741848355,1.0768065627537946,2.571723609224133,0.26713467703596927,0.35420312532402276,6.196313176150987,-0.21837114047681463,-12.62308054468286
147.0,2.240559644520121,2.3194039460354396,0.07884430151528443,-2.302926825381947,1.129705119912928,1.1838308976978562,-0.45682848276555776,-0.06383130638018542,2.2231971925015284,10.054260658578242,6.442601418155462,-19.381728365167746
148.0,3.619768935603286,2.33733485655858,-1.2824340790447395,-2.920705947062876,2.4158464664300117,0.511341606735422,-2.3789831028067225,-0.07540157072043777,0.9681891936815841,4.980227403950753,-0.08134706615657838,2.4548124873267945
149.0,1.26297861027478,0.819005619425007,-0.4439729908497961,-1.0640301311905669,0.813828458610723,0.24955633226193508,0.9302313964802991,-2.2221023812910703,1.2046354150479128,-2.2817490221460006,-5.605617311606961,8.173081696443289
150.0,-0.8481529212926311,0.06359152219117126,0.9117444434837924,0.3630001331299618,-0.8429556306410695,0.47044114715915497,-2.9866567809055375,-0.8218933841174145,-5.659884842411856,-13.14738168510606,-10.232770608564067,-6.416391034787486
151.0,-5.4692012796999,-1.9737294999613362,3.49547177973857,3.682906362145104,-4.444100763195953,0.742772529818768,1.629231754793344,1.930133157273561,-0.4160855747876897,-5.5601855974127234,1.4367761498944498,1.2233843695899518
152.0,1.9516461181178668,0.3876621785407659,-1.5639839395770567,-1.1397293412571434,1.722237482425197,-0.6078399402068786,-2.1920112026280005,4.192676943488253,0.6655973927953616,0.35800142631508525,3.4190909203078528,6.802131155186725
153.0,-0.3342410426997784,-0.10274960438019787,0.2314914383196407,0.23965576026435198,-0.310515020712681,0.04245794615744847,0.3665765294620651,-3.995575663027821,-0.9839022905608734,0.9455063687591203,3.2386636317813067,8.973145338526042
154.0,3.7145676062792194,-4.610844299814293,-8.32541190609345,0.46411483853371116,6.080259485528232,-6.413720612451173,1.306185721175578,-4.311946846579355,-0.41581380662872114,1.1457627824490797,0.6322012638486418,-1.8451626615268601
155.0,-2.1264618665397497,0.504565422969304,2.631027289509091,0.8262693525222813,-2.389306332046946,1.5413361657686937,3.555226651158264,1.8101245625506999,1.120300779591547,2.9279199575391663,4.554767683188782,-1.9243095559644223
156.0,0.6010202419796884,3.834937690268251,3.2339174482885356,-2.27793847482509,-1.3229722143329652,3.585032783334155,-1.0111289401429135,1.1684797794394677,-0.21759482953787757,2.264025131572407,-0.0765440277659688,-3.1321214421501264
157.0,-0.32909190120351145,2.251222610954892,2.580314512158301,-0.9361287037124797,-1.4630477564248032,2.385918844582079,-1.8274105120389168,0.996131552044694,0.28106775327050115,0.4876959680226727,0.3799894242248052,-9.373149641505496
158.0,-3.604692203496057,-2.16055943771686,1.44413276577908,2.9144873468582633,-2.541008434018296,-0.39061716086804976,-0.14728453805053832,1.311722639211529,0.747805385464638,0.38229803708637483,-2.742885735916662,1.642123151840762
159.0,-3.595549304221481,-0.7289077890635477,2.86664151515787,2.1212925562224836,-3.261156522978675,1.1110608157922168,1.7610849250908123,0.07246482981491287,1.296331851440984,3.282023316705886,-6.177495219426717,6.7853924462042325
160.0,1.945986918615389,-1.993564655879181,-3.9395515744945113,-0.013357986430659552,2.9755456183992615,-3.009090924646756,2.618873623171536,2.966734359957391,5.1238097528772935,4.988136850623711,-3.0395468749424133,9.305935565981322
161.0,9.515187157885965,1.0571648047005764,-8.458022353185246,-5.243455028833239,9.004519154461038,-3.671490172564564,-4.688151127894214,0.04536312386736713,-1.2222384544790148,-2.612480348527373,4.007561937478243,-2.632451094074236
162.0,3.754098598090606,4.530282485878535,0.7761838877880263,-4.101014794728972,1.4962352866290458,2.6748265223030625,-6.7402969775470885,-8.470314704412258,-5.744379309092047,-10.305813545430427,3.939601755367244,-9.340575374103882
163.0,0.9343736534390212,-3.21680269687057,-4.151176350309582,1.0996806408713575,2.545662889248093,-3.746861013455522,2.8491989850702684,-2.9422200615512693,-3.521218157758516,-5.800703174671107,4.305438082355734,-6.549085572749013
164.0,-12.934201166315434,-0.140094969562355,12.794106196753013,6.568350433111573,-12.858853430872625,6.340540953269727,6.493208118820845,4.83732020095368,2.2082905669253496,-1.8906045547425192,-4.360308310333579,0.4657479923726786
165.0,-4.531047230966314,-1.5228215971720753,3.0082256337941597,2.971894984051976,-3.8345936576850406,0.7584986766068331,0.9224286813473062,3.2221783034608116,-1.3233110628854976,4.389481527635908,-3.258885949291346,4.30961801590792
166.0,1.7491114290016205,-0.9071321958546745,-2.656243624856321,-0.4052912494355314,2.229456889120782,-1.7588625566789875,0.37608792358488996,-0.5317725161115794,0.9852915178220081,3.6842477824263726,-1.4052960086149646,4.314384167708349
167.0,5.882963060008099,1.217786265233224,-4.6651767947748395,-3.5418873923068177,5.3162424595511695,-1.690269117316218,-2.022471703951194,3.38292551122421,2.471199915921856,10.724576697196214,4.4156114000535815,4.947508922281125
168.0,-0.662415548217572,-0.27023966155548973,0.3921758866621188,0.46980002970053825,-0.5484252549340227,0.027534012082750525,-1.7734220788105346,-0.6006362844988031,3.0221631001269325,3.9839947933155706,6.095943820279063,0.15087432466815454
169.0,3.3224610355378728,2.938678758936225,-0.383782276601627,-3.128881870576513,1.8451142410164534,1.2546589669719124,-2.2862508651392615,-2.5072180372994404,1.0655584985062072,-5.733169226226444,-1.9740212029610165,-2.279786264975459
170.0,3.7753460397436465,3.439594598103171,-0.335751441640481,-3.604012881876019,2.0562712398620264,1.5367724339133364,1.884318056279279,-2.7866972260278966,-1.9035869056945067,-5.506210893958171,-2.0981246999528973,0.5596979499006056
171.0,-1.7075605378060783,-3.5613242355578913,-1.8537636977518273,2.642747495105041,0.07680951618745724,-2.718391591388187,0.17118870100573336,-0.7219711010452525,-4.8958440422214355,-7.692251470974329,-7.416543902877891,-6.134373939552148
172.0,-4.863215433237034,-0.4409500318891675,4.422265401347822,2.667263243449221,-4.642112378609996,1.9817672292621025,-0.4888547092350263,-1.7965401367140041,-1.8262628241311618,-3.8064446370326745,-2.238246049014731,-6.283616134764777
173.0,-3.137242904314662,-2.1440648532733353,0.9931780510413284,2.5848099177878625,-2.072888458657456,-0.5044390473114957,1.2969812592818821,4.629132366144072,3.278727322352603,7.716595303126409,4.084325429341298,5.295605994317944
174.0,-0.9806456066328899,-0.6440450121960983,0.3366005944367968,0.842983031916432,-0.6779401137657448,-0.1600851035818636,2.439561621170647,1.917789465623826,2.9243507856581976,9.170661788690271,3.7602491811610705,4.426710798045716
175.0,0.870057729225592,-4.470803999544661,-5.340861728770209,1.7597072931925546,3.152522495202558,-4.910661205605852,-0.6967041539689743,1.3637659734358158,2.062842688385553,0.9108957113935379,-0.5762280863759064,-0.8404104132220565
176.0,2.448924412225228,2.9175570367268024,0.4686326245016197,-2.637898864125828,0.9481352840009027,1.6887995910846794,0.3506373512148128,-0.18352470510130647,0.011113122581501766,-5.532259622352499,0.709117092882164,1.0813110194905513
177.0,5.176171934742286,3.5624470279518032,-1.6137249067904997,-4.395620261450908,3.425755757901883,0.9680960761292033,-4.023232149262169,-2.138917629121631,-2.8634893711521343,-4.6407162309406225,-0.3601612029595729,-0.6474368706338638
178.0,-0.734611526321906,3.227060421700494,3.9616719480222935,-1.1873385981604043,-2.3962816359210333,3.5827344045193765,-1.2605334413327391,-2.2770599029607896,-4.588780290198548,-1.2848205546399347,0.9421914580316969,-0.9155518905213924
179.0,-0.7445002047619796,1.3315954527639664,2.076095657525848,-0.3087354535554352,-1.3742340362061096,1.6838565092280753,0.6969257347819255,-4.205558161480412,-3.2890838717516493,1.2572659202265717,-0.13232255333893428,-1.321351067327768
180.0,-3.2019079964815123,-1.024765837321548,2.1771421591599354,2.099701662139615,-2.6440294937820927,0.5466236882784956,2.029785696063846,1.3858106756624127,3.5318646635545186,3.452254750319118,-1.1445815007879236,0.6094768425203481
181.0,-2.2318599568955775,-5.041550409180445,-2.8096904522847326,3.6206680792383943,0.2660810842048529,-3.884747673050311,2.1351084037555763,2.7777441145573625,1.6546253022309452,0.28855506805633047,0.32095923188986397,4.917031199101363
182.0,1.2581885135005266,-3.479520020177221,-4.737708533677574,1.0886595274470237,2.983018460501478,-4.072713119104657,-1.245747849464871,3.6237834859690414,5.935619021638856,3.8984313732787808,0.7395533202867643,-1.3629523829056653
183.0,2.4730494745885903,2.658338565706031,0.1852890911175682,-2.595470839658418,1.1314682537501288,1.4567697892163185,-0.09974583300742923,2.5194243954960216,2.851442314484892,2.4795212177649577,2.215534534498431,0.22463517523755006
184.0,0.4658451573233846,3.9172941115117688,3.4514489541883293,-2.1496177828997434,-1.5092743773245474,3.6426575493118816,1.193099411662785,1.172681333298985,-0.4931351550443248,-5.716579851443651,-1.4895809862418907,-1.8627674771915967
185.0,0.502702055525536,4.323473959268329,3.820771903742621,-2.375198948511991,-1.6852181626224272,4.0334165622251845,0.7281324222583985,-5.267802167070071,-4.0603721878563785,-5.4368914001517235,-2.6089213938567153,-4.643169862419975
186.0,-1.206717564948962,-5.2268552521744995,-4.02013768722572,3.2543788215632388,1.446586277491115,-4.581591248311785,-3.2000296315530545,-4.5879998865863545,-8.00450215968568,-2.5646527810301905,-6.272202449678977,-8.270982554403293
187.0,-1.273512589655256,-6.028641658714007,-4.755129069058882,3.612426927873964,1.7684034441805865,-5.429040930770204,-1.46819133422199,-4.232891394128536,-3.4844710571562967,0.93700671037607,-2.123914018509216,1.7260113046392702
188.0,-3.7799142899933607,-2.6532410664965482,1.1266732234967531,3.1810420990257264,-2.434637405549691,-0.8024815291881489,0.23728352132988517,6.204500819395172,3.9207721879870854,7.214898998399301,6.562176333918186,14.895240163292664
189.0,1.8871813955653567,3.2189056364904225,1.3317242409251284,-2.5872211167903476,0.213696725841388,2.3126511829417584,1.7106637397131947,3.8613532538419415,6.527985299589195,6.574782715692672,3.1133089885333596,4.794490618735192
190.0,3.944837079891981,7.553534726535797,3.608697646643943,-5.706596185461743,0.18399766293359163,5.617807217308293,-0.51723819738941,0.8109264028442618,3.6145558765188603,-5.997627560189949,2.590525866263714,0.1191745819813761
191.0,2.622604214693599,5.027338728480709,2.4047345137872433,-3.7881125150317914,0.13008861897943252,3.7545814742585124,0.10417677453790475,-1.8876380820817695,-2.0922186767542366,-5.24079005586873,3.359601338406253,-8.361598661553177
192.0,-0.11536133709766672,-2.8635590181791795,-2.748197681081359,1.4387402465463628,1.3448921689160236,-2.842125025128028,2.7328463563684444,2.7915493241865557,0.852221459962339,-0.17511406915601313,0.16401865636839985,-5.3661702161996105
193.0,-5.421245612414893,-4.5677823332683305,0.8534632791466401,5.01198381986518,-3.180303167773334,-1.888799158068605,0.35503163178015285,-3.4430046616605914,-6.255059309135497,3.756861384668064,-4.461693431279508,-2.9382897073441168
194.0,-0.4669978247476254,-3.621611044370978,-3.154613219623374,2.051225737046795,1.3065854819771558,-3.416237560440546,0.12688774996725818,-1.729030973249482,-0.3397186074206764,4.125166375978847,-4.385532076702518,2.1361262217799486
195.0,2.114823327917759,1.593437003369894,-0.5213863245479582,-1.8559183668536965,1.3630725019784906,0.5877926293724776,-3.479477567077917,-5.264673519505833,-1.8184193790370897,-3.9265669668866785,-1.4636717884070318,7.141172813394508
196.0,-0.12228897685646678,-0.4114658763459866,-0.28917689948966896,0.25986811816232713,0.051065296187786546,-0.379015403066975,-1.485243813278187,5.924808492136691,6.403046440857456,0.6124740558293507,-0.22831011871225404,3.0906422050374442
197.0,-2.7486649969351156,0.777876106988723,3.5265411039236216,0.9778722869123422,-3.0910942235333385,2.1979353712160923,1.483650380841921,6.047605620089724,5.2280237418901025,0.6413126828691739,2.1307496747061845,-0.4226840650444137
198.0,2.5057981314393674,-0.5422491812060712,-3.0480473126456227,-0.9845726818493346,2.744250789416595,-1.8344010924725243,1.2479931758968406,-2.01070722523074,-5.179160574769393,-3.344910497995855,1.8353095338972283,-4.3516760432721115
199.0,0.2870831251709792,-0.49412347482200936,-0.7812065999930803,0.11025590778226446,0.5794147509520777,-0.6052826344404224,1.3091122284191115,-5.616076048170323,-5.668114274460359,-4.227665668172121,-2.838308058405027,-7.864565327471281
