Time(ms),I,II,III,aVR,aVL,aVF,V1,V2,V3,V4,V5,V6
-200.0,-8.618951813834782,-8.848107293937282,-0.22915548010294273,8.775920437490509,-4.176398902963568,-4.515566013153565,12.401186858442157,-10.451999893672143,-6.099457202887339,-0.10101004505295208,-6.574518511935212,-8.904552482648178
-199.0,-13.906004391466386,-1.461125755958137,12.444878635507965,7.722663896162125,-13.160488278413778,5.513182492490289,4.897345651213029,-26.516001918571632,-15.417987030105742,-6.239861988720616,-4.734848627375864,-0.17985499696905904
-198.0,-0.9274653774217095,-2.6781862903422455,-1.7507209129206587,1.76197029591483,0.34816223478483677,-2.1910641961319817,-7.006791172666638,-7.913707089504735,-11.655220826037585,1.3480041820204476,11.475542406311572,14.749036883886873
-197.0,18.182651727415646,2.0545215047875893,-16.12813022262801,-10.07871102779264,17.175019956894626,-7.0079829694147655,-17.930780055945913,10.765045469714526,4.05296494019822,0.6146446481952896,7.799131293388606,4.656693909173129
-196.0,10.473603939623223,7.3045217771641475,-3.1690821624588725,-8.922758549981973,6.848509779229104,2.024897120191266,-6.317092488597257,4.284229951015034,4.020531251299438,1.8242762182842531,2.1390400931855114,0.7868978105715582
-195.0,2.451929206010198,13.693843308624395,11.241914102614558,-8.099213597424713,-4.3588096864208214,12.431780106737339,3.959554745215679,6.8298814712492675,18.728053587810297,13.381408967749225,5.580195888548742,1.1437769314838988
-194.0,0.4028318411117784,1.4442822463297638,1.0414504052183164,-0.863291582971253,-0.3536487923777334,1.2115745793634574,9.422732474848074,15.89303095839429,24.08736198935774,12.180310680148356,-3.5952455198106836,-4.273648738676367
-193.0,-10.861857758977015,-16.486016570010868,-5.624158811033729,13.661772723562033,-2.647906748703171,-11.005301706969123,8.219803742938216,0.4875659695422705,-12.690030133005536,-17.052546987967766,-16.73613292338782,-9.380561901077895
-192.0,-9.06593587195555,-13.708456216416964,-4.642520344461491,11.378053033551724,-2.2397305554337894,-9.125616668178349,-0.17332568746928256,-6.521178039532856,-23.849810857804975,-22.01329926845699,-12.774974535338428,-5.223504879098493
-191.0,4.243106280761978,-2.7790898912710364,-7.02219617203321,-0.7424428112341452,5.680165680465515,-4.931139343287418,-4.5790989172596355,-0.9574288761310683,-6.231543470699535,-6.2200191449848266,7.555353977350987,2.650945115626304
-190.0,8.923920875280352,9.951799802099485,1.027878926818965,-9.453744839887626,3.9893348164114566,5.456501738829547,-2.555760196364652,-5.342849398480621,-14.839137213394151,-3.450654483246745,6.462094497755299,11.286924284565941
-189.0,-5.736622575161226,0.5811064423995429,6.317729017560746,2.5536191197939813,-6.071681529128755,3.4911613520436253,3.3001821843546884,-13.56948968004586,-15.889171309505384,-5.304679598218027,-6.7384242476605065,-8.781650987742323
-188.0,-3.9149113981618378,-1.2880960064420055,2.626815391719992,2.647146778416394,-3.3208455946733544,0.6283354966606431,-4.84650047484291,-1.2114447565335569,13.813188039048867,11.294729423886148,-2.130908851491256,-8.420921992303038
-187.0,-3.8234096935384905,-4.623996840418136,-0.8005871468794625,4.261710658088751,-1.4842902876131938,-2.6782509014537963,2.709667530376778,12.600514055987672,34.941843191301835,20.227676709294993,2.3416841283129477,1.9721163818722522
-186.0,3.1444728051947317,3.639775624860967,0.49530281966635137,-3.4378781580324365,1.3552369128495,2.0203104221506836,2.855741524395044,20.6389353403665,57.085293441899644,30.6023577518573,19.53813602679029,9.809443064067748
-185.0,3.5121362287903812,14.541136896637585,11.029000667847194,-8.995769769167381,-3.7192271258773983,12.815985217351107,1.402189625467349,-1.8463549339991907,6.744987954024925,1.185144270204134,3.4769177961963678,2.0207446837968233
-184.0,3.331419764223341,0.17262101737666047,-3.158798746846816,-1.799718185708847,3.217281240661353,-1.46050274603635,-6.416540323514299,-14.744001867104382,-52.65415360804999,-25.307201430925225,-7.924345850328945,1.8473336020770788
-183.0,-1.166863204045572,-6.689655192286231,-5.522791988240837,3.9608871059617368,2.1619395504473267,-6.148690164631577,1.753253534045414,-16.121758302451735,-58.39685689843295,-25.17937308794621,-7.520515576425385,2.8879949464619594
-182.0,0.8015522317102739,-8.86966450481955,-9.671216736529956,3.990039691391509,5.22898673870148,-9.229245013935893,0.9264015254342988,-4.395260420580972,-17.306027223832473,-7.576784416167268,0.3936223607791298,-0.7871518664340982
-181.0,3.4154875487288563,8.159089649561938,4.743602100833051,-5.750515026350658,-0.6683370751441702,6.418857431447368,0.514706356356025,6.915500282892946,19.051699048856914,7.183046623309892,-1.1498897679643094,-6.318233050857822
-180.0,3.7001614821532165,5.063319696272748,1.3631582141195904,-4.3433156183924675,1.1611358585083817,3.185102668709563,-0.31274770559413057,15.365504341051547,26.559436912018974,6.657212404030682,-4.406400451782119,-5.424152872536891
-179.0,-2.494843993101241,0.30294709855182744,2.7977910916531803,1.0568044775857488,-2.661972927559199,1.604285830399354,-1.4182329183707483,9.000564696245956,23.04055040707115,1.0388844219489695,-1.9694030482814955,2.75292474968633
-178.0,-10.92821753637503,-8.694028997470236,2.2341885389048954,9.772883821093869,-6.5294545071408425,-3.2522227964576107,-0.1546221353269044,-4.166099936872192,6.574099969632009,6.704295916484076,4.489414466728284,3.2299337532869954
-177.0,-10.36925606454123,-16.137247285668785,-5.767991221127469,13.294882217259879,-2.3396219605629027,-10.972468544699478,0.6569670552191592,-7.624110717950821,-1.3462636255590326,5.524054973663337,2.7266293991743145,-2.6240495895615297
-176.0,8.670107028921912,7.419694058940258,-1.250412969981613,-8.080055424048147,4.989237951246896,3.067886618322941,-4.608871052114226,0.5077848108340035,0.93039269340419,8.417185159162194,8.243615565378775,0.45269727482484523
-175.0,3.957500999299861,7.391514845438832,3.4340138461389325,-5.627719176000401,0.2819686918716733,5.4787605400878086,2.168408841234687,-3.669725967566209,-6.621459007547989,-2.419799383006355,-2.994506368224269,-9.78460232847705
-174.0,3.021651673720287,4.856213167609838,1.8345614938894932,-3.966740969712111,0.6069399336080168,3.3369619629841645,4.494425736656498,-1.785740847739853,-16.55356905031306,-13.237513137386038,-4.185715325188177,5.230631789696599
-173.0,3.4616126999468615,2.183076162503629,-1.2785365374433566,-2.767360554653533,2.2993501412418045,0.4470579880349521,-0.5938507046650556,-0.7423315270399582,-8.15317945531987,-3.4430930249464478,-0.5882167486269898,13.09135410674159
-172.0,-0.9325355866722322,-0.911707672600641,0.020827914071407716,0.900734013085825,-0.4726454769021722,-0.45039347800646856,1.1458252831624538,-1.3729801330098286,-3.998339471950933,-5.9227132488119345,-5.894389507957164,4.284084493711195
-171.0,-2.190601464368518,1.413413061198249,3.604014525566627,0.3666156138037231,-2.8951560305635176,2.4996448748767492,2.138689879588202,5.18860148235314,6.697244755873497,2.3655695102147885,1.3587521141169394,-0.19036103270804272
-170.0,2.555828183846034,4.3456122669724095,1.789784083126281,-3.4764910013918127,0.38672099051978437,3.049925848746847,-0.6775521169979555,5.483122120246089,12.598536734152466,8.55891361525373,8.840320429371472,-5.995557258040101
-169.0,1.2353608180736115,-4.185024848593585,-5.420385666667233,1.4433422536342309,3.3377127213377347,-4.832443263058263,-2.884534092480168,0.255791243534226,8.318177074108046,6.222094468549812,0.16387011871780288,-11.62358643833453
-168.0,-5.925662764485504,-14.252388443218175,-8.326725678732519,10.131099471439017,1.2211908687504427,-11.253226807524443,-0.7644759622401902,-1.891999088145611,-0.29493496562209476,-2.1912076131434945,-4.993287473070069,-7.867739689911414
-167.0,-4.553981327038496,-6.876552468262551,-2.3225711412238086,5.7553091426391365,-1.081083157155473,-4.573731800084982,-0.9526446581276643,-4.5830568748839156,-7.312757101377129,-3.5621516069686447,-5.884434683718497,-0.40961495973282247
-166.0,-6.920150793106115,2.3630542614999235,9.283205054606272,2.242515104519537,-8.131690806653058,5.84287270994337,-2.81421527542578,-4.143672625420857,-5.9695964973885385,-5.431093430576102,2.435929391656301,9.458434292229088
-165.0,11.536321338784322,16.293447537124013,4.757126198339797,-13.865118861110219,3.3702982167471833,10.46547277948514,-5.090367904789616,2.654795543987924,-3.526084639752531,1.8990956775929018,4.973031777678276,11.749906162834439
-164.0,11.604653826588246,12.90375531952905,1.2991014929407498,-12.273975352177771,5.137902551392552,7.124192506447426,5.244171153801061,7.009532680908076,5.882887214012933,6.095313644900302,3.1302177989871236,4.164263156441123
-163.0,-3.985774989938469,-6.766937163889681,-2.7811621739513717,5.36469745110404,-0.6202492002439093,-4.744643851660454,8.262523197783551,-2.2934858056436163,1.018469809318388,2.8097251250128448,1.9594597310367994,-0.1060856737344773
-162.0,-6.509221322550944,-7.96728842805114,-1.4580671055004246,7.230569426117141,-2.4745029297695496,-4.754960185887061,-0.3929175778063687,-2.02542832278694,-0.18935272319531715,-5.813017655952036,-2.1776503807628322,-5.013801228279748
-161.0,-6.064324013991381,-6.2992195620042315,-0.2348955480130699,6.1723441561858285,-2.9562854472883586,-3.225366466869264,0.21798503542519132,-1.7545645015179854,-1.539431810835149,-4.764064673881741,-5.205616609786994,-7.6414504216498695
-160.0,1.7533119702835849,-0.49758271743001714,-2.250894687713771,-0.6441814304073161,2.0245430318478874,-1.4093733866719695,-4.334515918389083,1.0588055519005577,-0.9563698569961471,-2.216730492233222,-2.559041570389151,-4.51811529390429
-159.0,-0.9846827917052923,1.6232272647076835,2.6079100564129325,-0.3450693122822981,-1.7862829975120844,2.0788262992849194,-0.27080107447260504,-0.20019860381583865,3.266072863607464,3.6276697675217946,-4.70291220532054,-4.541981277054894
-158.0,4.285060296975954,4.788755609137224,0.5036953121613543,-4.492459263414176,1.8927868974812345,2.684108114045508,-0.7207673404453745,2.614102813977272,1.6892597556827833,2.7810997507565407,2.773950321692127,4.916666229838829
-157.0,9.653150740034327,1.1474072029114462,-8.505743537122871,-5.360210018530098,9.079020227347586,-3.6460961728498464,-0.8539125239240439,0.556784300620059,-0.4522492439817041,1.5969252625462507,4.726083886448842,5.342884866215057
-156.0,-2.008155509838401,0.5684682660830143,2.576623775921451,0.6823568743636641,-2.2903800282357936,1.5233320390708776,-0.962153599742924,-3.1430635799310522,-0.21041033768169615,2.2844176471179174,4.0221047018543,6.258688000908505
-155.0,-6.764872487336545,-0.9083458361024875,5.856526651234219,3.8838266418587715,-6.302522006628415,2.5028226889122136,0.4630867933232261,-2.0812969460933712,-4.231046190090042,-0.4395697428301718,3.3604098684090644,-0.28641279228419325
-154.0,-3.91888049828494,1.4689150737483292,5.3877955720334505,1.2014709029209285,-4.715491282211861,3.4596319416772725,3.5219406347053517,2.2726824222014295,1.8991306971466648,-0.18830651142062838,1.7638338632683381,-1.7318385145304334
-153.0,-1.253824391842394,-4.132670311009744,-2.87884591916721,2.676388287975252,0.838498039319933,-3.5475525331531554,1.1693157508723135,5.109685964727678,0.9449244527080541,-1.2159074740458293,-2.724699448493216,-0.6854123053739662
-152.0,0.23813742006920424,-2.613574817495422,-2.8517122375646426,1.1733584560080919,1.5803162866463136,-2.766400474014179,1.8650481275779,-4.904613143869753,-6.69521137326536,-5.418090864480399,-10.516495164594193,-5.103720536044434
-151.0,-1.0347176816313857,-2.832140739822488,-1.7974230581912152,1.916322610401663,0.3466173460205013,-2.2604090627318776,-3.315367582791434,-3.440937805602458,0.8632743853574449,-3.1695121280557292,-3.1401061534573422,-1.118030092374187
-150.0,7.78097341565863,5.760172443063476,-2.0208009725952705,-6.794810813131367,4.951914020700023,1.854972461711116,-4.70362733123935,4.916226000898711,9.377965532173965,4.850455647672444,5.1359880251889285,3.82709152879708
-149.0,5.737500981741517,3.183901318964174,-2.5535996627774464,-4.415516182795381,4.122369892703828,0.3093301795514114,-2.4908805963600447,2.115940723289172,2.390082001128204,6.4956557495227285,5.101076008495255,-1.801759037313038
-148.0,0.38424515919688984,0.8334412975884387,0.4491961383914401,-0.5728200761806908,-0.05420288160932918,0.6425613847515661,4.2941819463920545,-0.48995289914732654,-2.106033393562277,-4.187419219574577,-2.680010388372419,-2.027295702966845
-147.0,-3.7697724207727292,0.9332942864407974,4.70306670721349,1.4467508538442595,-4.259809685243916,2.8236369352824724,4.019853558347287,-3.5173160912638566,-4.50080959031892,-2.0681053644269425,-0.5423046249508394,0.6659615719611579
-146.0,-9.237295196841865,-2.4642042853755894,6.7730909114663,5.794900663745594,-7.9538570810122735,2.160399116080962,3.2508581517882362,-0.11315051929781683,-3.730793819935956,-1.4608039740770715,-1.9816885680571366,2.7943125744293185
-145.0,-0.6823420478326714,-5.065846373744873,-4.383504325912201,2.892765775857823,1.8181892240351534,-4.722449587894623,-0.8230418593206625,0.14910171533171457,-0.6129194177692461,2.363490734456164,5.037157531926614,-0.603059202647384
-144.0,3.3023350274608747,0.7403609016577923,-2.561974125803089,-2.0846747742142853,2.974267207272187,-0.9164633070633976,-4.396034210091847,-0.5427558269213362,4.394727149439427,2.8567808297723096,3.9764927837058277,6.780733434063319
-143.0,1.2532453461572124,1.2810489547187422,0.02780360856153985,-1.2536125436020935,0.5740938154297828,0.6375946986719243,-2.733221490310286,-0.7435779451239466,-3.217771928605611,0.2623421098989511,-2.688354750532051,0.17048876618282693
-142.0,2.4182647265648667,5.91066657498014,3.4924018484154224,-4.150320368033974,-0.574473607934443,4.671857580227396,-1.865086993476113,0.30754635353670257,1.863314294901723,-2.9374164419256505,-5.001723064066122,-6.302199119890172
-141.0,-1.6233123915170893,-2.439585968208034,-0.8162735766906457,2.0499161261177212,-0.35770848210699047,-1.5913375143555097,1.43937798271042,3.6895115289197697,4.777482833346363,1.3670039529157547,-0.30787525353964895,-5.703153252812815
-140.0,-1.864863314885888,-5.386171443953686,-3.521308129067455,3.6523698307882633,0.8806072295552614,-4.427428920189722,1.6292099636001562,2.39444336749788,1.9139078912950758,-0.3682868854199709,1.8843738786467903,2.3515135885035425
-139.0,2.4732609833393924,-1.1135606241856486,-3.586821607524783,-0.7204256980899579,3.010142678831509,-2.330902232906765,2.9529604514027583,-0.5367994504211416,-2.84251905117166,0.26433102182371526,2.382247789188033,1.9999827268542494
-138.0,3.708606179712315,0.5786071711008304,-3.1299990086115597,-2.0937362580957517,3.4031080004517285,-1.3388548732097663,0.08273465058955964,-1.6681486826556693,-3.184888388091405,-1.2261471114308404,-3.243374079174655,-0.8047232001368965
-137.0,-5.806316246544055,0.981842084117895,6.788158330661549,2.3921585923818505,-6.314498252501776,3.8995169149713482,3.060750712923202,-3.4614708117235105,-1.8722134206771457,-0.5799963977357367,-1.5322355355747563,2.8285886641479965
-136.0,0.3988231920921743,6.677207018505139,6.2783838264124165,-3.555016480207752,-2.9632015618381025,6.49286928186432,-3.969421176948474,-2.945836994610774,-0.35706584309535394,-2.256817820901147,-2.4829333913249902,0.6458405388694035
-135.0,4.284913321308061,4.439390471383855,0.15447715007534502,-4.383066641316402,2.0322831646131996,2.313352833791419,-3.6314318136312407,0.15709354069947223,0.6339199226504312,0.8296790817113915,5.837534818010309,0.7327778843498326
-134.0,2.6878963778372063,1.8059814352105628,-0.8819149426267451,-2.277841808496138,1.821059558638177,0.4013963185599658,0.436411506354506,3.2290647958365954,3.7375037914203286,3.4265945097783943,2.1872642434574803,0.9399897765373503
-133.0,1.519482989578136,-6.704408966498097,-8.22389195607598,2.627137653488363,4.901317987726793,-7.443996296367018,0.17882522925751365,5.66684558533364,2.2622002117692386,1.6854350053228668,0.24836603455314799,-3.5108756668271757
-132.0,-10.524005956343293,-12.840571563104813,-2.316565606761069,11.704481011368461,-4.075629005313914,-7.555780594112612,3.610741827801145,-2.128220225884074,-4.471325267974393,-0.465734405267928,-1.6286225525620022,-4.202562301922341
-131.0,-11.168733895961523,-5.456272386505508,5.712461509456482,8.32642576529038,-8.409509249243314,0.15427816313296816,0.31172173927873303,-3.5671611063358046,-1.908876059318683,-2.0589983458642505,0.2854868907866641,1.4748288470963864
-130.0,2.7320930541778723,6.130525169521354,3.398432115343782,-4.419358950626734,-0.37574662651457746,4.71590632800826,3.0080281038031123,0.3074601556581167,0.6243086167896226,-2.5418081506944863,-2.5701925231435845,4.9737413608042615
-129.0,13.635836044152247,12.318508890873295,-1.3173271532789004,-13.039448627227184,7.438019047886241,5.534848108974052,-3.5743357902872974,0.11741601366937582,2.475437476422969,3.1481156940335513,-1.9484568165283078,-1.1604313314406292
-128.0,8.573197192187967,7.2359238410790665,-1.3372733511090757,-7.878552634506542,4.917340979901292,2.9083380506251335,-4.055959781644711,-1.6836375634012606,-0.036690393201593285,-1.8503525601678779,-1.089749197143305,0.9320668696100252
-127.0,-5.278304527921813,-1.3147532714925338,3.9635512564289304,3.3345069426225544,-4.58311010899048,1.3645498049884548,-2.292675362730289,2.7323842753768757,2.7424086901862537,-1.5136292626873993,2.412925560432675,0.8792772158971106
-126.0,-3.8498716130829966,-7.818496981765384,-3.9686253686827686,5.804895915990862,0.09202480513282629,-5.931140094456859,-0.14681097869197024,3.2642859575094274,0.2954775990023496,3.5894685838185656,2.652265920739498,-0.6585210761207092
-125.0,0.10337392217429642,-8.725502779892576,-8.828876702067065,4.290235942727051,4.415361516325015,-8.736272715687278,6.967086083179,-1.6222996278630597,-3.633590586221314,2.4184048348736544,0.7198536285080517,-6.102963552137755
-124.0,-1.4169348381111768,0.15729716302351981,1.574232001134766,0.6128629598679884,-1.4692851395819495,0.8267944781614585,4.110640324514252,-2.297312158634132,-3.6723679887747442,-3.701350309367073,-3.5709085843231185,-2.341241057645675
-123.0,1.9347615296206375,8.259703918041346,6.324942388420996,-5.036464628335818,-2.1662858502988516,7.3306764495714525,-2.316722688400494,-1.172458221480477,1.140168877853303,-2.62081083404639,2.943364211699612,5.8540783520132145
-122.0,-1.4838027434225867,3.2384422995504836,4.722245042973416,-0.9003719235374925,-3.0680467245992444,3.9389078501876535,-4.086725273557374,2.354474598581578,3.7744505737011345,5.063524492378022,1.940333480077892,5.665833216002639
-121.0,-4.159665003471137,-2.8707622760043594,1.2889027274670384,3.484727275487267,-2.76021933981761,-0.7536465721323906,-0.3116325841093026,-2.5430535382028188,1.3223485461116837,-0.07157872203018689,-2.258048243655238,-2.270168264640912
-120.0,-1.4228613920988695,-3.732527109256849,-2.3096657171579293,2.6182200587110254,0.41445179260022985,-3.0611837104232347,2.40796131709004,-2.2239282106950293,-2.367714625157432,-3.1446395068981525,-0.8180386942332701,-2.9383275550000363
-119.0,3.730875423889516,0.9930253612941335,-2.7378500625955464,-2.406261189870549,3.209679084317976,-0.8309409236790766,-0.7335304451458903,4.970833709371733,0.5933349596589941,0.3394979774451574,0.8365131221115674,1.7761363830565928
-118.0,1.3645147465366394,1.2526736865446835,-0.1118410599922881,-1.2772287275968697,0.7145554568866741,0.536897554691113,-1.0001205583037938,2.1639341085434753,0.5282020798331454,1.9810175143161115,-1.4620261216391135,1.2283573713806664
-117.0,1.7242994161506062,-0.4280875727833573,-2.1523869889342877,-0.6164136634349433,1.992115025335225,-1.2412500976702157,-2.870942937130254,-3.7835952443548377,-4.803171037155799,-2.851765369765104,-6.228644986868426,-4.672351920217073
-116.0,-2.824771477706294,-1.9246487958360619,0.9001226818700965,2.3306823231241838,-1.8111696841297429,-0.5394879879076917,0.9393496094911552,-0.13393442579979764,-1.9259912534477122,-5.183171247163186,0.16182532614960876,-5.110381502086614
-115.0,-0.03383086171770955,0.1251162719695435,0.15894713368733404,-0.00671178410203771,-0.12661362092928896,0.11505075943742235,-0.5853112631808886,0.6669704072748223,4.381607355319966,5.944598274595036,3.8719392981457763,2.836190760238428
-114.0,0.8700183471395726,-1.4384675099118267,-2.308485857051263,0.24799311577630706,1.5560867804605603,-1.8242500220993803,2.577605766959279,-2.487513195358383,5.30882612601341,3.165991145951864,5.862146947469693,4.911199916462162
-113.0,3.529769433760931,6.802022097304395,3.2722526635436413,-5.2006313412066465,0.17069179426903325,5.002672869863616,2.3938312861581936,1.0961876515661493,1.1823901352183228,0.8557613162076196,1.850019127594972,-2.315528587426397
-112.0,1.1141900539049447,-1.1934879469268092,-2.307678000831621,0.08232120007916233,1.669244837246969,-1.7911349606198725,-0.27137528932277144,3.6724943538136756,-0.8459406639318341,1.7307422455329546,1.3430696028195117,6.6831936485755
-111.0,2.8541562331999897,3.9646044484348164,1.1104482152349167,-3.370831305077117,0.9029159028065675,2.5702124988700517,-0.7242926618949406,1.4566967309575825,-2.2231623041514137,-1.7729992282020481,1.5245346470930836,4.484292555562945
-110.0,-6.121708402448286,0.966139350724552,7.087847753172853,2.531419649933074,-6.658592221812303,4.056245588891493,-0.12643343460139111,0.8579688820472491,-5.6788508754608635,-4.140830362479901,-7.196294035869432,-3.137360061095541
-109.0,-4.463514675047358,-8.236256071703261,-3.772741396655871,6.3753577102053685,-0.3249408457529217,-5.9760099473858705,-0.5987823280888298,-5.318250906287507,-2.4356300160108217,-1.9973905394425988,-4.566736907284799,-11.27587990705556
-108.0,-3.2157499783327217,-5.602920191416494,-2.3871702130836705,4.350121058781336,-0.3947344240491203,-4.044009248141334,6.023041029493838,-0.7064476813992582,3.4433689181018012,0.20546810469932852,-3.3708732123075156,-3.027394968442077
-107.0,0.18895673749908387,-3.699462529940859,-3.88841926743986,1.7717200430404687,2.0623384100645428,-3.7623033223526647,-3.01046608182334,-4.6670432276616305,0.32450367304492156,-1.9299894105750526,-2.452386231264936,0.8711697999534387
-106.0,2.669087275533107,3.6277259294355373,0.9586386539023715,-3.1306289669821323,0.8093564810539418,2.246827777353933,-11.732136310012889,0.6118736988706139,2.045869862879344,2.5609507255873485,2.5100255506334532,2.602693314247631
-105.0,3.4836984514117075,7.854820345205031,4.371121893793137,-5.64534703776509,-0.39779132674164064,6.14403368110421,0.42236542167533964,7.284768998921443,3.7656245003936792,1.9990215140787937,8.358656615732158,7.6524087693146035
-104.0,5.421891351713498,7.288101516828505,1.8662101651147895,-6.321190860561055,1.75928940629873,4.526141583899175,2.9090804626839866,1.0122303256249081,-1.488655580472134,4.5405474318583545,8.2841309511941,1.8424135751940014
-103.0,0.03298334277808834,-0.7778407578603357,-0.810824100638555,0.33873074337033904,0.415709973634665,-0.7708283377461203,7.368849152650496,-0.3208252935986302,0.9245298067267469,2.463330902347495,1.9540872055004295,0.4393065765568407
-102.0,-1.7529705730068732,-6.426446423546186,-4.6734758505392815,4.06569275183488,1.4615802817886703,-5.530097048141361,0.8406095471347381,-1.3474380768129897,-4.17845344356756,-6.721706026004948,-10.162018272633846,-2.27024421381307
-101.0,-4.021019467020449,-3.8329848874047707,0.18803457961580516,3.908773992603073,-2.102372476221453,-1.8045222122236795,-0.4675887709269224,-1.0059897179919046,-1.0500009999541113,-4.092591700454114,-5.146107657068967,-6.403263493496559
-100.0,-1.5581303106927922,1.8938396247322702,3.451969935425195,-0.18513872863973546,-2.509003133312569,2.690916163121955,-0.4087006069027954,-0.7911535780744483,0.8774440381125801,1.8506225015858697,-1.0983499644951156,-3.7954431698565
-99.0,3.0614681536538906,4.0808783044652,1.0194101508113744,-3.5130655729679314,1.0055623655592134,2.4907551245560633,-0.13182503399300427,0.2521296948351788,2.8180006859525806,4.435835508968065,3.130035862632726,4.318639413285801
-98.0,2.344773345860051,-4.732178854843798,-7.076952200703794,1.1669033189467917,4.681421849343437,-5.883700259226916,1.0257617784135182,3.279396199810105,-1.4548736162361342,-3.027818597216686,3.7991567845694836,7.01845987343648
-97.0,-9.710018324332756,-8.658596022876473,1.0514223014562831,9.229001079764641,-5.3443133695612515,-3.782011850738965,-5.227112853552242,-5.703229854914961,-2.4643282826225827,-2.0641270588396665,-3.0081600692979613,-2.001137741217421
-96.0,1.3125456233389832,4.376218736229815,3.0636731128908705,-2.8854701058556973,-0.8479577664837734,3.662407781584137,-2.515163126970741,2.486046372204351,2.7363655500292987,1.6271194130848334,0.5760395629701653,-1.6200130935673833
-95.0,7.187121729829943,10.677822552714211,3.490700822884343,-8.900831806317306,1.872707281163752,7.104552715728273,3.5665129274015177,0.8329872134054913,1.0793030063775129,5.519237125542969,-0.24557813783678728,-0.13836721428098708
-94.0,2.1587351953925538,4.668443215162009,2.50970801976957,-3.4652953412976903,-0.22735640997893847,3.6089307140188795,4.692385253285995,-0.5040122583983417,-0.8012808140648809,-2.861423006861308,-1.075520662264629,-0.9060439707881331
-93.0,0.3396928964318975,-3.666077425284803,-4.005770321716651,1.6873786272153857,2.2058704995164233,-3.814969502898777,-6.017354481473716,-2.7652692981255114,-2.1143927455016316,-4.223502184830563,0.7834177359062378,-5.9295828965564805
-92.0,-3.06105694501229,-5.511303075554963,-2.4502461305427103,4.30961134621491,-0.34306916131894427,-4.035405738261908,-5.159692696901407,2.118393761437123,-0.37783383808594984,-0.9109141912952574,1.8387293859569864,-0.0038279314787910135
-91.0,-6.1998713319996135,-6.556801762009204,-0.3569304300097649,6.324729235899872,-2.9514014112918807,-3.4278240403757025,6.277794108346685,3.088116758530683,2.7272749323854226,5.138008902754199,3.4023010002445306,9.192815114484496
-90.0,-3.4195243716487913,1.2206921830798376,4.640216554728436,1.1288986084398065,-3.974678443024553,2.9650243597352,5.8850950667108535,-3.1846669906512144,-0.7198359370936817,-0.5433397824951307,-4.594677292303642,4.552534230696583
-89.0,6.037595841834795,1.1718452120150684,-4.865750629819838,-3.5685523225320344,5.432712689358544,-1.886700185766428,0.7251132520239976,0.10313540026929069,-0.6438149317930814,-1.1765293163243469,0.919916493319493,-0.15900646993998313
-88.0,6.891394199233073,2.4187498039016946,-4.472644395331437,-4.6895007593025735,5.665830538918119,-0.9862744791040168,-4.6727766368088215,3.740807548242164,1.894384035146503,3.08777126413247,0.8671679659802658,-7.928113851334677
-87.0,0.7925960760615229,1.6920969486990542,0.8995008726376135,-1.2685834426447125,0.009982946455567854,1.255714872907566,-0.044129893673483966,-3.986350822134007,-0.5410539058975068,-1.4604231328126303,0.16262452924173953,-5.877275561312695
-86.0,-1.5667456496964711,5.503486018322611,7.070231668019278,-1.909352417942247,-4.335060196816934,6.2414909763351405,-4.211188639871791,-0.6853048771286063,0.5107435061341277,-2.3119500169785976,-2.7246707638970724,1.8007141696962652
-85.0,-2.078435589063468,3.118850635196848,5.197286224260532,-0.5367615213955821,-3.658004691573275,4.18467221802366,0.7281585117824112,4.396659142322582,-0.7547323280943089,0.599293667256579,-2.0294736151614714,2.2095686039811997
-84.0,-6.369882711708686,-13.56457927271277,-7.194696561003904,9.949407213905182,0.386655692997675,-10.358723363008213,1.7484011847701013,0.07016926925144618,-2.445887298315795,-1.912302224284617,-1.1298900649959485,2.455316354172105
-83.0,-3.635033248422573,-4.071521473821986,-0.43648822539933363,3.8295132861632606,-1.6316539088046491,-2.2353215669633117,1.9991201540175951,-4.354629306902792,-1.556983165154797,-1.5336348049547701,-0.2694471799782786,-1.2546929926094497
-82.0,4.141164003413584,7.678386302598853,3.5372222991851388,-5.864544652463939,0.34222599640299484,5.628919172504662,3.778217199777396,-1.2289052350286078,0.4981739349293678,1.9416704666330635,1.4728903448396287,4.413801786263549
-81.0,13.490195847278455,8.706835287415768,-4.783360559862916,-11.14382676953738,9.172834686001528,1.9108198503422147,-4.543145348569953,-0.7965580267110283,5.376884144854588,3.793769125411829,8.780634184280316,2.1267703964137574
-80.0,-3.1337163216045214,-6.487332889941648,-3.3536165683373236,4.832364736774385,0.14426435094972634,-4.883350664819227,-1.8750005938321772,1.642966814812822,1.0297848248378911,0.7215006373867476,2.394872408474618,-1.416206123710887
-79.0,-6.508697850902605,-6.163128272223304,0.3455695786792303,6.348403003203226,-3.4714108341039145,-2.9408964988118136,0.8898490078800654,1.5024146748106457,-2.440746314675441,-0.227730468812264,-3.8469291976092075,-4.313601113876147
-78.0,-4.02420769341975,4.808841431848238,8.83304912526804,-0.3855864058525129,-6.472077245186959,6.796319919319632,-1.6411798846200896,4.928633349395307,-1.4441122118744867,-1.1484151973050185,-4.714061893866032,-3.1411558974387797
-77.0,-1.4747176771152206,2.753033636278636,4.227751313393966,-0.6342061361205351,-2.8155705329365137,3.548434459626211,1.9220613217826699,-1.8340372557310518,-1.8568276811777398,-1.8302573301967109,-2.2008915142711807,-2.2819087500492685
-76.0,0.3277333345424138,-2.381231313111155,-2.708964647653501,1.0334959094575213,1.4747077770135406,-2.566101721067952,0.429570610649598,-1.2473630961510178,1.8003358779348113,-0.10710897318837631,0.07260771700411084,2.13823853475722
-75.0,5.210390309992174,-3.290552109883928,-8.5009424198761,-1.027323556510731,6.889599315620587,-5.920980314592487,-1.502905968709932,-2.6670648320517794,-2.6190138564120584,-2.7949510376579374,-3.0258577433515965,4.962475491054266
-74.0,3.610061177937781,-0.7410138385787848,-4.3510750165166225,-1.416484480786635,4.01335730770248,-2.499622080898556,0.17523720879818433,-0.647932613057697,3.586981594529246,1.1009499672242162,2.445526339930881,0.3311689922919072
-73.0,0.43169911820790574,2.013660605611284,1.5819614874033165,-1.1963563309907241,-0.6217272718988385,1.7571774963314715,3.5318834725844708,0.0992661003750307,1.8827727351896217,2.2196826666939535,4.6079213098038725,1.5398757880752916
-72.0,-2.000556865189712,5.127165794178624,7.127722659368255,-1.5275739109199151,-4.532143533384625,6.158003589505343,4.2817667525655025,-0.4624102989602737,1.2062508197180197,3.1999083383796356,2.573807478619019,0.6714587677966435
-71.0,1.686784562975971,0.9286963452601704,-0.7580882177158692,-1.3409033932107133,1.2542547787911458,0.0321992193675511,-5.22764690821528,4.321189574735096,-2.01436145085472,0.011458450626523398,-2.050609495640159,-4.57020789727266
-70.0,-2.84915301054923,-0.9994794014503734,1.849673609098857,1.9005139868381093,-2.3971387333901615,0.4498346823131776,-4.047849568736817,-0.29280894026090865,-7.112160213444692,-6.592944687527192,-2.3802257437976557,-3.3327326386025633
-69.0,-4.834884348968746,-4.722194146122026,0.11269020284678999,4.762505674107213,-2.523142819389584,-2.2765621131030875,-0.2648507298253544,-2.132531088842091,-0.3168861515008099,-0.3772076195824994,0.5643994828731516,4.574985277797285
-68.0,1.4318728442764854,0.2601828834615896,-1.1716899608147833,-0.7782292024481916,1.329112559497111,-0.42069455535489864,2.981963502537922,-0.23790582528086723,8.075318601394263,5.494250121718403,-1.5725183353051913,-0.20451840898022966
-67.0,1.254167333808128,0.42300225940291025,-0.8311650744051222,-0.8481100282915308,1.0683190976618748,-0.2395595791019468,0.13524027880520673,-0.28277371743665036,3.193459980114505,-0.5114245830700557,1.1385423234579968,1.2664211488916288
-66.0,-0.6187476913024186,-3.114365351259102,-2.4956176599566984,1.8541580637642503,0.9634766654101725,-2.8334376403735266,0.5138204476758754,-0.38470866944074134,-4.198904222181133,2.437849244103757,2.82431658101361,-2.9139504067599082
-65.0,1.665441797127214,-1.8438498541997494,-3.509291651327081,0.06966476548462985,2.612946390484292,-2.7012365489023265,-1.2049928782733241,1.6615997114760155,-3.8296884849264785,-2.9612809888651768,-1.8991192054523198,-0.05794768340151785
-64.0,8.83367593680396,12.809847359635917,3.9761714228317873,-10.851674446271357,2.3767574407694694,8.44667567867476,-1.1174367577829876,2.88653710965134,2.491445890075643,0.08365347718869254,0.5511639913590002,2.037603279235948
-63.0,-0.574538310417994,4.038264521887639,4.612802832305523,-1.6945792107369133,-2.6445031784504733,4.2961698083053905,1.5557662138418444,2.1050151625043823,4.093763958320636,-2.173205224480653,-1.6711792779775925,0.5576416877918786
-62.0,-13.364391066049995,-12.918281962016858,0.4461091040331189,13.16852413835699,-6.876478183846366,-6.193506482177142,2.370261577525733,-7.917044013008589,-4.970792037791444,-0.25567488507545766,-4.771784595858486,-1.7654968514618854
-61.0,-8.652778181402294,-10.811508275196784,-2.158730093794427,9.67442507882155,-3.217514901096865,-6.528746850380541,0.45241094901644885,-5.7910178700029356,-5.9386195180992445,-4.017846982824136,-3.135722313895488,-2.081064443682897
-60.0,4.19129264355002,4.017702214888639,-0.17359042866134233,-4.084103456694326,2.2129774336314116,1.951032808723519,-2.1221163073486284,3.3227090012365594,3.3241195039744342,5.59674818957715,9.218841480678066,1.3957734572562068
-59.0,10.470057075348445,7.678119626401049,-2.791937448947401,-9.048670276090528,6.584386936107426,2.390126176525359,-2.6574727726096086,4.116194705302674,4.092115866988288,0.6338239197213156,4.088868390148017,1.107956505078213
-58.0,7.790917490432825,4.15021730174686,-3.6407001886859813,-5.93588304874093,5.750210816531139,0.2812045687207232,-0.01348589206660411,3.8718159855751875,1.6744066967891966,-0.3153509877195164,-0.7370283557463151,-1.1739502224217637
-57.0,2.8877903435768557,4.464222679569227,1.5764323359923766,-3.709155517554768,0.6142946886600971,3.051056054603764,0.8221072657166468,3.20069739720236,1.0624051834033952,2.2807229977699386,-2.4311990504711014,1.6817386675273904
-56.0,-2.6160400870690568,1.1991100755361463,3.815150162605233,0.6849941206515215,-3.2531469031479388,2.5442531903410375,0.18623285834106967,-0.31294353669390607,1.278939982883267,1.9915433095349473,2.9448573090014003,5.992904478019551
-55.0,-6.467070994162949,-0.3803417942711509,6.086729199891834,3.4065131309851457,-6.23080370014047,2.8176335986745125,2.734508615952097,-2.3148002200377595,-1.955214918556652,-0.20744608777357665,-3.857387561467841,1.8161021257345145
-54.0,-4.142693900685599,-10.385991388250478,-6.243297487564851,7.249266629167854,1.1022328106463393,-8.346961263812197,1.1818858782428703,-4.302059249864633,-2.763462252872385,-4.06882624271239,-4.667001966677766,-9.1910126533092
-53.0,-5.387570269823458,-6.6012635526495655,-1.2136932828261555,6.056694086793907,-2.107758586116718,-3.9408878067051107,0.5772514948997535,-4.998832541959705,-0.7947349206374248,-1.822465707336546,1.8119479213686942,-2.507260496631613
-52.0,0.19079400075741315,-0.3527275388891389,-0.5435215396466209,0.06104527743529209,0.3511644208969869,-0.40808679421559413,-3.508322862176377,-0.21716446144966528,-1.4017984235369576,-1.9792042751694248,0.36705733050911904,-0.3721038101699552
-51.0,0.023551933873888986,0.802337552464585,0.7787856185906352,-0.43689522428590344,-0.39131979126042227,0.8227887813538639,0.6455900806879671,1.011379949471241,-3.528162625584468,-2.0984652527114305,-5.241888579900131,-7.086378047397452
-50.0,0.5608699818411074,3.805267140550056,3.2443971587088605,-2.1320276007781747,-1.356437144529346,3.4705987306704777,-1.6828690784530143,3.113617214078265,-2.881574817216233,-2.362192278582026,2.429942914220793,3.350714084038046
-49.0,8.31031142523574,8.70913265791256,0.39882123267669867,-8.540924646140034,3.9371038049682046,4.573474915272294,-4.862139588405154,0.7883714439626353,4.608781749960135,3.0906363707645803,3.0189708769684604,8.124805271676111
-48.0,4.613461272384822,11.596498475935833,6.983037203550894,-8.061317992066101,-1.130589836156469,9.308679697029918,0.9476943381430813,2.9470084228445144,10.487058341506616,12.1318991763831,9.437517692738146,12.436843190676658
-47.0,0.1682199233014532,-15.292430087524686,-15.460650010826235,7.521983628690254,7.783262641655158,-15.353429638203274,4.1183809469099915,6.246121411142529,4.569865472985731,4.2031401673359845,-0.9098262694370121,-3.253759150761999
-46.0,-0.549600309247599,-9.939595299827305,-9.389994990579776,5.198091530780762,4.461224448331138,-9.712583485728263,7.441970786233013,-0.7670880336760457,-5.047205519179894,-2.6269025224440035,-2.7057708905162476,-4.811269332354169
-45.0,-1.4969569272924694,9.264782651328005,10.76173957862045,-3.858665968268043,-6.094717275627417,10.053487941238053,2.1947989423939154,-4.163335086010363,-2.434919592795643,-4.11259100789789,-0.854014549749071,-2.7827490152655487
-44.0,-4.332777822145488,9.941426615986908,14.274204438132378,-2.785132295404931,-9.354133539163305,12.077329356383206,-7.88950597388919,-4.726761230337381,-0.09320364058063824,-4.160494410273419,-3.1546143224896075,-4.824805936125834
-43.0,-0.9689875903465945,-8.530499610950496,-7.561512020603898,4.765604882403584,3.2390290199022354,-8.07197025727566,-3.6219869846625974,-2.156502011964919,-8.750191385844783,-11.874196616492426,-7.3727615747452715,-6.20637448542246
-42.0,-1.2133348726447137,-5.398721639118944,-4.185386766474214,3.3226050974438346,1.5018624807450487,-4.739630805372361,0.39480663460350396,-3.6835843223226274,-7.178028544540615,-1.6629784795227942,-2.5194033011409314,-0.26835026690669417
-41.0,-3.0007674696184763,-4.623998790542681,-1.6232313209241909,3.755410068200387,-0.675865827468282,-3.1553833187243057,-0.14069142683556635,0.30336861906126955,5.023529189796966,6.145562067964267,2.992232349943473,3.089747205489958
-40.0,-4.481340157056847,3.1646861973406706,7.646026354397522,0.6892822632899983,-6.0490701182288324,5.44277686978416,-0.6107782279076565,2.6009962762172956,6.184231549520293,6.3211252059369,6.201472364651141,6.100926948280828
-39.0,2.6971561612343558,2.4699216338140753,-0.22723452742028272,-2.6194730693964736,1.4840243540602351,1.0682547782692269,3.6358115129648327,7.144695273770673,4.082632247517561,9.957997581591592,3.645995088520615,4.666412373182912
-38.0,5.768139188362702,4.721530721140406,-1.0466084672223142,-5.189365350784476,3.440986364104371,1.851709347787202,1.4248278765625046,2.328980914667619,3.5447463040775427,2.9908945768682758,3.589583791310021,1.0407511458615968
-37.0,3.5360676296954336,0.877488872138668,-2.658578757556797,-2.2188684986354534,3.0658603977964307,-0.8847067575507896,3.7855395757143917,0.47883063269271675,-0.09690855660373243,-9.017649205181772,-3.9206756740559845,-1.6615337360672269
-36.0,7.726240008827367,5.6849641735088925,-2.0412758353184914,-6.710230342713114,4.864345351060401,1.824385765739243,-6.154388943503179,-1.8286131046184642,-4.61047123678634,-7.789711696899427,-3.3695606884395737,-0.4318573990517067
-35.0,0.8404147002082314,-2.4258802345325696,-3.2662949347408006,0.7901065552826795,2.041333548479166,-2.840802796201223,0.11325757603362474,-1.020875132786332,-0.16717719644729367,1.7611604845307607,2.9917603790551732,1.360913599480253
-34.0,-7.702446417142651,-6.441831475758816,1.2606149413838597,7.065439413800165,-4.49226489783816,-2.577165340869626,0.6275272576049888,-3.9937156036995622,-0.9859961408220963,-0.6159467152221358,-3.9094616962624236,-7.962760250513061
-33.0,-6.627132300171571,-3.830199829892273,2.796932470279333,5.212679487792829,-4.727039155319963,-0.49168980696774134,-3.1376070827105895,-1.0121070743960008,-2.6557073639095714,2.7353884284512655,1.6019168286216483,-0.6008407877197524
-32.0,-2.9352324074372724,-2.9522533367511663,-0.01702092931385879,2.915489718408231,-1.4030853399515504,-1.5265115809133374,0.6240956048657103,-2.669917709921801,-1.461128959274758,1.8926950651454038,-0.38566633033296,0.7177269401968782
-31.0,1.1393071434921738,6.833468159753448,5.6941610162612974,-3.948169894376007,-2.308638028233589,6.2314678641501136,-0.5410293175549556,1.7333740072145458,1.5769695918425335,2.14707092902821,0.3511185388088995,0.09745224186926027
-30.0,2.121652993375431,-0.15025693225052716,-2.271909925625953,-0.957051421636002,2.23729085574671,-1.1594521486174654,3.9199172583452957,0.7650429611934146,-0.6462585787949542,-5.366835755771035,-3.077857019769847,-0.5060070949424071
-29.0,5.455451505315755,-0.20931134005520624,-5.6647628453709595,-2.5997031758517672,5.517304785312792,-2.963720613540789,1.6012879239718911,4.5897756007640975,2.9069811784978343,-4.218535182048936,-6.9185471742500635,-0.47188609414788774
-28.0,-0.6805546311903887,4.899251463087906,5.579806094278307,-2.1656442558766016,-3.0966567013273156,5.2093352132129525,-1.509429695382186,-0.6109753230317061,-1.6368121999680492,3.4435610379122576,7.096824631294648,5.614109024054547
-27.0,-2.5859321391558026,-1.6010486350771531,0.984883504078697,2.1182439937898483,-1.753443719992697,-0.26527890852680214,0.09202045705279804,1.389727143867112,6.616848747347986,8.450097547963324,7.839708202571106,2.481651421557328
-26.0,3.3586887253255506,-3.6782290656800964,-7.036917791005578,0.10957123935254037,5.1488914311088605,-5.320876272260831,0.3594293450698385,1.0663119716522484,0.253180023377515,-0.2623207973808155,-1.0381433900952501,-4.23783339295106
-25.0,-1.704132755765715,-0.5332037257469275,1.1709290300188337,1.1508956085528128,-1.4898654268479987,0.2718692187369003,0.2979475917980028,-2.942336805279062,-3.4888764276629773,-4.464735906358472,-0.5875524892835411,5.5458027498394245
-24.0,-3.9052272335155056,-0.9282554760834912,2.9769717574320205,2.4513870123367174,-3.4189308623255616,1.053265958949582,-3.5030459565138403,-4.362375485710661,-3.86468752114762,-2.229368116812665,0.8208769108356233,-2.5941013073157513
-23.0,-4.60605615559141,0.0952350649603626,4.701291220551729,2.2119515699818573,-4.63507958955277,2.348091489156521,0.5011381426005619,-3.3820709599309122,-3.8954036471355176,-0.8880010591722602,-2.218829867750366,0.15459704012373665
-22.0,5.183394178417219,1.7855914385729696,-3.397802739844342,-3.4501835549455,4.308012348182919,-0.7752251720310417,0.625908532095948,3.58952387333032,2.2931712239435833,-0.8989617535816105,-8.914437735587947,-8.707287553555267
-21.0,6.608736569307062,2.0345105396339216,-4.574226029673212,-4.367864168102898,5.611120535378704,-1.3129702401483136,-0.8712575388775701,6.999304606915924,2.657510866107709,-1.2234361478835962,1.1268957491697695,-0.9071569899002463
-20.0,3.051348045380127,-1.2092517256809816,-4.2605997710611,-0.8897968635119784,3.6810434490171002,-2.6927304866628234,0.4729690779610365,-0.3457073425324775,1.31173875619246,0.09867988759971344,1.466510700633899,1.1952312870450303
-19.0,-0.04334262107997028,6.058760019964217,6.102102641044298,-3.0543506961709275,-3.1189701860316577,6.12963733064074,0.15977261867062365,-0.9423086922860469,4.4238506551613135,8.023079806006434,4.093617374641951,4.799140918455887
-18.0,1.0552893107008758,5.588597704846727,4.533308394145978,-3.285638546323225,-1.7773017081814226,5.036903680186999,-2.21835092495637,-1.0298886946065673,3.3688692843679267,6.640769625679213,5.390272765018426,5.017954375524668
-17.0,-9.022616973465267,-9.063180338020565,-0.04056336455519638,9.087016627041386,-4.521901967293207,-4.573982760688885,1.8835977821835772,-0.8308041309957248,-3.2536820786743,-4.710867278378018,-0.13950709282106333,-1.1463418940217864
-16.0,-11.630529931540492,-17.312088178940336,-5.681558247399842,14.447097246582395,-2.92020251317877,-11.521806357577354,2.727431447094377,-2.734589696891836,-9.734669031469918,-7.6535865425950655,-3.984542083110996,-1.3492789336956086
-15.0,0.6653984389646097,-0.577493985374053,-1.2428924243387462,-0.05724947556098492,1.0135491229667155,-0.9426604307251285,1.355756269344039,-1.8971247363524129,-5.447180566028191,-7.387284456194023,-4.648792361334152,-2.830612716033093
-14.0,7.207753901430894,11.104858099759628,3.8971041983286026,-9.160733702558916,1.639218245586357,7.536832140927969,-0.1419244409271461,0.8555046298452942,3.9214718701171916,3.6793130514624206,2.2364343530885433,1.8869549333598465
-13.0,4.472019699227029,6.744924805037501,2.272905105810258,-5.608165674252965,1.083868296042851,4.5338045385112755,1.6708497481315734,4.925009775159295,6.299194771465247,4.1747495409551725,-0.7273855291359389,-0.6146599158394305
-12.0,2.686134420459134,7.353933411400945,4.6677989909416056,-5.020067336860773,-1.0096345768536477,6.0264097728616335,-3.163681471776364,-0.9156063769655871,3.912611374839113,4.085877914203134,0.7015372842612878,-2.497891723083465
-11.0,8.389162378889706,2.674657659758412,-5.714504719131321,-5.536857553524344,7.026705541641976,-1.5109752174187117,-5.6362192072034905,-0.39951394375260074,3.438738831137756,1.2439323107242726,1.8016033285717168,-2.8385917494469903
-10.0,-3.30610437531142,-8.960450751510116,-5.6543463761985615,6.120585439159401,1.1411809001871676,-7.302220140558795,-0.6071948986444604,-1.3802122059836235,-2.838562435238819,-0.7013055315719892,0.8687072706548666,0.6604374454076134
-9.0,-12.223519645133706,-10.148486404571956,2.0750332405620173,11.165099799918087,-7.110055013511085,-4.11165953786278,2.033604866600198,-1.4006637581041868,-6.7218275793712206,-2.705911978404357,-0.05106931879816812,4.929097681561405
-8.0,-5.284150798795434,-6.321221061898514,-1.03707026310286,5.853967743847525,-2.087098132417568,-3.6744694901145913,3.548366154905017,0.16120877919312848,-3.1442138974993665,-4.923456452554949,-1.4837538110123654,2.1826936888156707
-7.0,12.17305927834061,9.094252235456633,-3.0788070428839016,-10.586220248782059,7.664656478482622,3.015836282860305,-3.2359774284241216,6.842340642662189,4.492427531864858,0.2976232771805041,-3.6876600207878143,1.9010574018818451
-6.0,8.491603495966746,9.792736376441788,1.301132880474971,-9.174885240655005,3.561849769050863,5.561631877661391,2.699713249573478,0.6066076346287654,4.743326452327362,6.090918149408431,3.754791989264999,0.6341998962668174
-5.0,-2.4020730049423893,-0.049867691459979824,2.352205313482159,1.1930611673273637,-2.4018634043794997,1.1756216090734246,3.1472384270016343,-0.9883082099916127,-0.8886847505895723,2.10463321356861,3.0439196630078214,-3.349942129982173
-4.0,-11.04026768135514,-3.5249278611706805,7.515339820184213,7.249335579592497,-9.294819653266325,2.031456723448014,-0.48401586056357215,-3.33891064453432,-2.6734642732663576,-0.4491822832974579,-0.4809225115696618,-4.824036541936183
-3.0,-10.565609824597948,-8.19623511714434,2.369374707453478,9.42515809690222,-6.480250335393786,-2.944365395612392,-0.8076741241169896,-9.578981156083191,-8.190381035299243,-7.3495201546243685,-5.878816120714866,-8.47061100427947
-2.0,-7.203806296548643,-1.6729368883155877,5.530869408233088,4.401822833006813,-6.301844601726547,1.9066653296510911,1.0562295523079546,-1.9416348769001557,1.861486619918244,-1.3169190273158664,2.169923878286069,4.657629090986379
-1.0,15.94116944849757,6.018423886731833,-9.922745561765668,-10.939758617864495,12.913530077925424,-1.970790617054496,-1.7855549368470598,7.398940164214346,8.962609594110269,4.766829920270626,2.8295800195743306,9.39863262891051
0.0,15.538179343440952,6.648651279344565,-8.889528064096234,-11.055027231379167,12.18689200634493,-1.1408875783267907,-5.90266026381369,8.49980239274351,3.87703095568385,2.1577953814655193,-0.10071144528838794,3.161576563630156
1.0,4.770761685895936,0.6899242192076835,-4.080837466688124,-2.7715918859088076,4.389075071813068,-1.6433274662511472,-2.3289002749628347,-2.237512575671965,-3.5134420160838196,-1.8448561458779986,-7.357299930985215,-4.05145505096377
2.0,-5.541459591050719,-2.6285803121977316,2.9128792788530937,4.043481126263792,-4.193804980332967,0.10725120538505972,3.236546754739736,0.5886587946262603,-2.2961464002939374,1.0896354977286975,5.9744678207985835,-1.8474919760643012
3.0,-8.416588039663294,-5.802655817085351,2.6139322225780037,7.146786512758522,-5.487750801660102,-1.558471042871545,4.757251510530285,-1.5361263760186485,-4.343401459338257,-1.8884729825099096,-2.3725165778901474,-2.6783924041643017
4.0,-2.3986154820734216,2.3302266743651203,4.728842156438392,0.07125042584528352,-3.5388993041731167,3.5595447721484166,4.000282077886702,2.0537520640236275,1.5123865445409237,1.6922569300394537,4.886477015426927,7.7835023548812
5.0,-4.899792735455726,-3.3741055037317706,1.5256872317236727,4.094942727635784,-3.1885213054987886,-0.9760305234413407,0.30392538862129204,-3.978248365742212,2.489857436354276,3.7003084456565025,4.715756970591476,-0.02756767906643276
6.0,-8.13579358548167,-3.7407083582037943,4.395085227277598,5.895751353130807,-6.320438833656662,0.3536391575972383,-5.519673626566363,-5.920250816634459,-0.1541429916409982,-5.785282719545924,-5.226667058261474,-5.670213657176707
7.0,-2.197446032585181,2.5082200564268162,4.705666089011828,-0.11973387656031398,-3.5084549874791175,3.556114694284357,-3.394183516724438,-2.456448494129937,-2.4943090450921863,-3.6187305478842657,-5.526440804279289,-9.12989948313583
8.0,15.25937981305984,4.635734594873259,-10.623645218186619,-9.912697771967249,12.959811975580738,-2.9632820989084783,-0.4813686481537105,5.869882623249369,-0.20267997059731177,-1.3192271248817908,-5.454964428231473,0.5293462599437389
9.0,12.48514613886326,7.347040699288408,-5.138105439574761,-9.882662291738587,8.826050715987918,1.1387122892303432,5.686247989610362,6.904776251155868,4.610374339352043,5.56400499591823,6.526424849536034,9.26713998264236
10.0,3.8402568561874277,1.1797111919197056,-2.6605456642675023,-2.5580166878443853,3.262773775104365,-0.7808004373584214,2.2132716271337864,1.2664199163708325,1.6075007348964658,5.666888922910997,5.220393153714511,4.434233963640661
11.0,-15.705892870146716,-9.132450472042832,6.573442398104136,12.366767178973523,-11.125781405112116,-1.315436212220285,-0.06552940146752984,-7.082700029589956,-3.70456810826669,0.525972924642351,2.2941061430211938,0.9952312941365205
12.0,-3.295354372656961,-2.4490916035147468,0.8462627691423847,2.8929600994086995,-2.051510208566784,-0.7541823326350287,-6.235160090249451,-3.0041935750830744,-4.3032937840009025,-6.943408593823749,-4.82925949181446,-6.145956005242815
13.0,1.1436861917435532,-2.118196317289846,-3.2618825090334846,0.5024536473765959,2.2300382929697156,-2.6390971422322567,-1.6715343860486547,4.084805928267088,0.9586672609716076,-1.829367683326443,-0.6829143520262502,2.6417121374680677
14.0,-0.639759843405451,6.246021094136801,6.88578093754211,-2.7916828133459464,-3.806214800885948,6.540178021999867,-0.8811934245082972,3.086182584389397,4.0378083960114415,2.718727831770947,2.315358486597823,4.802343762967373
15.0,0.9801413300067037,0.4932820970207541,-0.4868592329862076,-0.7258506879473902,0.6958150506299283,-0.022829614473462545,4.383825472728953,-3.15490387496229,2.0053745653768082,0.6969736201079093,-4.253805867051023,-8.748311339845847
16.0,2.940919510928546,-1.5204089967682333,-4.461328507696947,-0.6963745474229577,3.6656487557443347,-3.019663747883294,2.4608173550454038,-0.022406913941715345,0.3404275049780866,1.4748181103804558,-5.259078489041634,-10.145446624323114
17.0,-0.47120287377780734,-1.3424671144600882,-0.8712642406822697,0.8479356263920121,0.24223091210494552,-1.139794051734842,2.6041295588927085,-1.097232458367682,-3.8960229523533356,-0.6034071736575854,7.69474794467751,7.351718962673149
18.0,-5.124558692001013,0.35630834514240145,5.480867037143633,2.411381249560583,-5.263539705235055,2.9607306831915396,-0.4893476164470263,0.8557553597414604,-1.8390839494763471,-7.347301811789397,2.933336075206279,6.577247373775794
19.0,2.827700850766764,1.2212273450682871,-1.606473505698255,-1.9902808269917265,2.252792166827259,-0.15200991345072168,-2.6698706870706967,0.3515463563938541,-0.007116960260927563,2.12106087059006,-2.089805725856208,1.5498003110717264
20.0,2.0806976819256735,0.7921452239564218,-1.2885524579693008,-1.4763272631536055,1.6386834853258532,-0.20638855355882355,-5.944580725873159,-0.34832965914145214,2.08705071549935,4.027175202058869,-2.5854838278232903,-0.9833294621225162
21.0,0.16159166910196765,-2.844745652630462,-3.006337321732716,1.3816806008169582,1.5360916875812989,-2.959417900447001,2.7646699055103916,0.2410496758836605,2.6266599945498625,6.0876056155386795,6.357501132598578,-0.36142051367049477
22.0,0.7608898471832837,1.561789978483892,0.8009001313002806,-1.2021661304113296,0.009954740574681153,1.1506067680676146,1.134555296179177,0.60628360449073,-1.1236448087944315,-0.7134694964665838,-2.7315645437118468,-0.8585507420332683
23.0,0.5969592489152162,-1.9042013343235575,-2.501160583238898,0.6084002975073004,1.5790861465379677,-2.2317815390849027,-0.8484801747473565,-1.5669729370733132,-2.2835590418756393,-4.724771528909032,-4.837240799162834,-5.097692670771837
24.0,0.5401347613487114,2.273984518553896,1.7338497572054357,-1.3779897318909617,-0.6446004640587756,1.9744712444567563,2.816858153036405,1.9513558929889505,0.21268787302443015,-3.396643981060128,-1.8730180443528246,4.202872834346339
25.0,1.0467130403008271,7.383021758990334,6.3363087186899705,-4.188107772155439,-2.612111369809238,6.907379422269782,2.57016395391091,1.1330532420230632,2.5785184189038857,1.2970250134780847,4.950985933524276,-0.5563874820101549
26.0,-5.860371721532909,-3.9295944083347423,1.9307773131986714,4.92281193717253,-3.8609363551335774,-0.9532374370321239,-3.29606748588889,-0.6183769185470415,-1.7613181516023118,-0.34922219604797855,0.16621138267544389,-0.45644914030074146
27.0,-5.129296760698255,-3.295121874580371,1.8341748861181175,4.244084987864678,-3.5241620223614745,-0.7636430758946819,-4.404001912439375,-5.174049437188478,-0.5836346670929574,-1.8416401915321188,1.8779112242115286,3.006239271323291
28.0,1.1705082634960593,-11.159796162525854,-12.330304426022092,4.952952961849795,6.708984233845738,-11.699149446078806,2.802053122982296,1.9193283697735084,-0.6653848024939784,0.5069845989190609,-1.9235433404380882,-3.9198700541984715
29.0,10.11733820149174,5.623163773101204,-4.494174428391037,-7.907922761259537,7.3433212732475734,0.5320339356688564,2.2777117655662757,2.91948720040321,1.5025310418941111,5.533667845787306,-3.1689798575488553,-2.4122561578378217
30.0,1.369315731230036,10.84304113280463,9.473725401573901,-6.142560548134425,-4.014908096090486,10.125421430747075,-1.654900929985879,0.6112985454185649,3.1602317223429366,4.725280731454491,3.091128410898497,5.443358302612561
31.0,-4.899337021122386,-3.9365543599178148,0.9627826612040109,4.458748514805215,-2.9728294575082703,-1.5215783948193344,0.6926823184125817,-1.114049729071556,-4.58314520143313,-4.460048206038045,-1.691624360694065,-3.779915185792275
32.0,-3.239409560596543,-3.691624496613212,-0.452214936016768,3.5030820750531184,-1.356474322212819,-2.030270576123182,1.5234257918214116,-1.7056351859022267,-0.3851075437697482,-6.1310405972994975,-2.0002931443443193,-1.7386811547463614
33.0,-0.6185213228284505,-1.1428255603569915,-0.5243042375281912,0.8363027913533341,-0.08761631235624767,-0.7939111166413556,-1.9043483020765422,-1.1411793516088906,-0.5763983387211804,-1.3378966863214825,3.4632454626911855,4.641286891867963
34.0,1.0308299589474013,3.6256257539645755,2.5947957950179807,-2.2955894234646808,-0.8198973242848551,3.070450365059977,0.6437701487600749,0.8393676220587799,2.855347182531266,1.2585942023533625,1.710179421523036,8.728712640652319
35.0,5.574297138871001,3.9192332237708265,-1.6550639150994306,-4.713903730267528,3.659875531483451,1.1718989571282648,-1.2680861892573205,5.027518242836518,0.4813994988225536,4.737354291031458,1.6770889617103322,-0.4656264698960326
36.0,-0.9428193829653302,-3.288339600063134,-2.3455202170973974,2.0714861414437507,0.7524222480561176,-2.8542919964413946,-1.3639703966575143,-1.750247132815939,-0.422309239433069,2.440382876911798,-0.5142466259801255,-14.801663024375753
37.0,1.285838752875423,-1.798725919199614,-3.084564672075064,0.21478334759598927,2.163905014677114,-2.3992381178367324,0.8610749003786042,-1.7183031131779805,-0.5972065856389883,-0.16288279250256266,-2.514927084846143,-1.2792945634168937
38.0,-0.7849164898203617,-0.10096044654354275,0.683956043276414,0.48211779320603854,-0.7504245757092153,0.2543597026603943,2.6892097138398,-0.7456545214375507,1.168636527543766,-2.5972067856509287,-3.9228585128910067,2.8262812971831663
39.0,-2.5838439204551404,2.078819641760983,4.66266356221551,0.2927589958049508,-3.636499846734992,3.3303642817572245,3.254865338240743,0.06884217646769297,-1.9600206208581525,-3.5982211208352233,-0.785501773183084,1.0149271422258428
40.0,-4.38637295477418,2.019490343651058,6.405863298424775,1.1447403263334923,-5.409841434776924,4.245658418272787,1.0865026254784311,-2.9676633717711622,1.2140609080664064,2.168863158861925,7.217773461439717,9.4209799222879
41.0,0.6333347133362128,3.480741524743425,2.8474068114069357,-2.097010700463937,-1.1238646599709181,3.190591631200599,-5.652025221078298,3.3838616277159694,6.9321542339965925,4.3587470348215955,1.315613302002797,4.235959178364977
42.0,4.833469207172655,-4.746940792976748,-9.580410000149415,-0.006296901890596951,7.264779937106127,-7.143257857644389,-12.172833500396193,1.692364714009061,-9.601900544194683,-6.489189906432587,-10.611846158178967,-10.476242268772738
43.0,-2.19910835955421,-17.797678348680957,-15.598569989126531,10.033679087970516,6.675812184746592,-16.760826339295654,4.552221008132393,2.090143050134587,-9.954039724535926,-4.820065440694564,-0.620677499090835,-10.807784029336657
44.0,-3.6086197396449533,-1.6673421821459184,1.9412775574993457,2.5934877033404353,-2.7991777461477083,0.15142241237578258,9.701965906565217,-4.208704949734201,6.967809826385932,5.245620587771253,6.527217617609946,4.316453726974008
45.0,3.2343191659454904,14.897227926989657,11.662908761044486,-9.031689196345726,-4.1568144047394675,13.296320873252881,0.7487507538133862,-1.1154851399106875,7.248250050922206,5.657245607559701,2.178832979701539,6.6161409825131
46.0,5.890235368225043,14.54757075800082,8.657335389776083,-10.262991673861439,-1.3993163850853416,11.623989588638834,1.2434190736733721,-0.10213397128844781,3.172532909050914,-0.9119421092069806,3.753664619728146,6.366696224040117
47.0,-3.768966148182968,-0.4240461052123452,3.3449200429707737,2.1321971690405954,-3.566466124128038,1.4115088857393543,1.823850069535979,-0.837243344478218,0.48403403151812086,0.5128551337487728,0.5740176892058754,-0.6222513568826007
48.0,-3.151289284927625,-8.526479750110164,-5.375190465182561,5.796925838072517,1.1071448308824756,-6.910761097055293,-3.785581647669669,2.158694166552928,-2.0548402549925036,-1.178860679296478,-2.6588566503969466,-3.5362029345010573
49.0,2.9954636037863582,-0.1809589061729735,-3.1764225099594645,-1.369721403573159,3.0823853241436368,-1.7066096769342352,-5.018926301680617,4.3484408991569365,-1.276481323841156,-1.7745211725360426,-4.970326103245972,-1.7614768249237982
50.0,6.98937088819652,3.701854086992083,-3.2875168012046387,-5.30815031523937,5.131702630797226,0.18878052520481248,-3.0626886025177833,0.7755894385277051,-2.865567800573342,0.4904693662419519,-3.8100743992718287,-2.466458363702813
51.0,-1.2535686496366754,-9.945397083193985,-8.691828433557488,5.556995984787264,3.705097922800824,-9.251771342567734,4.890210654591813,-4.435491543759112,-4.729150721639149,-1.8406077789812618,-0.8927715417708266,-2.159023600070614
52.0,-9.720071907161955,-9.249793883865419,0.4702780232964372,9.440183013245694,-5.040351397492522,-4.399889812533621,1.5826858860862447,-3.8114172179322408,-1.7691046716865912,-2.3729876388308058,0.7591590555542691,-1.1193078353298738
53.0,-6.305509878682759,5.413399117412586,11.718908996095386,0.47738474353036775,-9.046380066901687,8.55207110098162,3.5101884901090816,0.9616944513730998,3.0182096210016507,0.8442538692367272,7.3327173898177715,4.875617036779016
54.0,2.04062685484938,4.429963367795034,2.389336512945759,-3.2058925008547114,-0.2167170383824022,3.386068645113755,-3.8921851759459725,1.9096531642541696,4.77075621401854,0.9448756825462882,2.152923319150214,2.030736489964159
55.0,5.112858028792979,4.359715850652709,-0.7531421781401715,-4.785600396343378,2.9651360078530624,1.7664489544006199,-2.3805049496544646,0.8029643889581928,0.25330943242592063,2.2289996644603374,-0.8143888547532225,2.472992053934532
56.0,6.851743320624099,3.7619475470587083,-3.089795773565368,-5.274692951148485,5.00334880248801,0.36421910049585016,-3.661293502216773,0.42235204559208706,3.3778265832369536,0.4630538279972938,-2.2420789529047,-3.2481956012336717
57.0,5.577625807664842,1.982742763692483,-3.5948830439724135,-3.7428159889485144,4.623254087825685,-0.7883461885827673,3.7513080071579896,2.2864401254295843,0.07150267384722231,4.5131481568755785,0.4109835603288863,-0.3239508298583216
58.0,-5.487551511154594,-3.910870497538683,1.5766810136157867,4.664403364724323,-3.5674415939738706,-1.1532140442141887,1.98335456272387,-1.57136149974716,-3.137163101398286,-1.766549415164588,-0.19613878459592193,2.0397459771938893
59.0,-7.606571768126861,-8.795206511114014,-1.1886347429872752,8.17225810842419,-3.2382575171538486,-4.973838577889081,6.889733290005985,-2.770480402648639,-1.1304915694184787,-5.881607950866335,-6.656043273005333,-8.329757987295787
60.0,1.7352283942798499,3.5150213745786365,1.7797929802987484,-2.5709818147184587,-0.04767256560729183,2.5981688621975687,3.0399932268494827,-0.03559297839249198,2.4700815753497327,1.0096340899236882,3.908341408825046,7.3669655100735545
61.0,-0.012514029543725158,1.1790465011564248,1.1915605307001853,-0.6071233734944619,-0.6260942806732835,1.2305926018174174,-8.392437398703867,-0.14361235151455343,-9.241607356845392,-1.2856275071448264,0.47533609515220354,-1.5693306682141088
62.0,-4.848205999489787,-0.8193943560631088,4.028811643426781,2.8073430750559236,-4.3842678427710595,1.587249894785479,-7.170983208862333,0.942135337992236,-0.8752743169543851,0.4401997071493997,2.022349260159811,-2.2796452453838967
63.0,-2.057239706834106,-3.4122899248039644,-1.3550502179697579,2.703356958726336,-0.2978716514520958,-2.389127350481494,-0.8599856641719565,-1.0405751865630362,3.9812385461317046,2.2279816437571833,0.592694980776161,0.1488135260988523
64.0,7.558839375808068,1.8097328770264678,-5.7491064987814795,-4.642602317884764,6.6276660540359424,-1.9703114301509128,2.9837919581078536,5.558503425751789,6.211013654548191,1.8004173883002068,-1.26878929321276,1.3437740367197648
65.0,9.742551101722205,11.721256385211259,1.9787052834891758,-10.695052392238024,3.855075862649688,6.845801737745743,5.22530087460745,0.5833679535398488,5.615698995952108,2.4518534474558455,1.7628799343562291,4.981908105034836
66.0,4.574419686694038,2.043587634987302,-2.5308320517067164,-3.2754053824339793,3.5248847027968186,-0.2586390304685371,-0.8148486026153945,-2.180031809020912,-4.70026895290128,-3.031228982026753,-1.3879723249285303,0.40038546623534743
67.0,-10.416376155991673,-14.122415577077728,-3.7060394210860563,12.222409412650467,-3.3061044583030688,-8.944243827740596,-2.3551188188780583,-5.281142132043669,-6.164372477665886,-6.685082549417019,-3.9747088233479224,-7.596731182382161
68.0,-8.611173849759966,-4.068430681521319,4.542743168238641,6.291821078612321,-6.6100317716483135,0.2709010886345804,2.4190283329517133,-0.7055522796850551,-1.2213847409047731,-0.17132905852644686,0.48444007095561026,-0.5425370775310805
69.0,-4.209187714344995,2.952213216839232,7.161400931184224,0.6588327513716399,-5.644348655812173,5.079427739037422,2.2106378155689685,3.575767395848611,3.5074058556537873,5.649662848357487,1.182339056817955,6.21810975252002
70.0,6.575653673600383,9.51493684056926,2.93928316696884,-8.093145094800228,1.7749126686023788,6.244729431955189,-1.245140778066765,1.7055519749637302,3.6124832398140145,4.733351706798596,4.1554991799140435,-1.2906406063715457
71.0,4.5746609100020805,-0.40454954361565676,-4.9792104536177835,-2.05184826662854,4.807239950845432,-2.6731178170512044,-1.132730835333698,-1.6308877170217668,-2.7735798282070387,2.237426192645494,4.996204866567717,-1.1653889808186784
72.0,2.954702200226691,-5.1289015756711995,-8.083603775897895,1.1247225942578005,5.46708207446585,-6.660891347631392,-2.275968482919434,1.449267923289252,-5.2543147520924505,-7.852221800584356,-8.470216941003718,-4.625662091861429
73.0,-3.857171051148174,-6.172479628073654,-2.3153085769255024,5.058203905963623,-0.745225511831852,-4.213089039168985,-2.4115267566738368,-4.216708897622963,-4.100437946930317,-7.707137842240469,-5.745739899689472,0.31731011943458354
74.0,-1.447100535908633,1.7198709070125062,3.166971442921079,-0.16659942375087633,-2.279171001789673,2.400992384377845,8.555260344410783,-1.9606849734771776,7.565153635320762,3.4438894866967074,2.745303739244042,3.409339336649017
75.0,-3.1144531401195255,2.845781662293918,5.960234802413407,0.10637052313222316,-4.504684862560828,4.363628047070155,-0.8296085730091738,6.5491172059691465,7.076130390340895,6.794438349347651,6.44077445416643,3.5498831780303965
76.0,-0.22231041105816396,6.982400732189955,7.204711143248185,-3.4100970454464163,-3.7536102672397718,7.133593909842805,-4.9318134967075995,4.090169756336315,5.768927362382193,7.707644291429447,1.9936925658718319,3.690501610441852
77.0,2.8746090294189277,-0.03551463734364546,-2.9101236667624724,-1.4556211705326454,2.8575948253927432,-1.4335947213567355,-6.545261111764262,-3.040359447338693,-10.6512235910082,-7.919173863982669,-3.9358332725711906,-3.3111797456379684
78.0,4.960360680181851,-1.965736797377942,-6.926097477559689,-1.4623552406210067,5.990342738277129,-4.408100688269696,3.0604266803893836,-2.0882248948833304,-2.8445703908343027,-2.7077985997762193,-3.339006092630755,-5.433856901885039
79.0,5.907730877986555,2.8093382714783495,-3.098392606508168,-4.329914285369693,4.4717597195587535,-0.18708066541353663,6.848252283088413,0.6593235879577892,-3.1157707019810603,-0.2827091584961168,4.841355739072978,-0.9502288757080057
80.0,-3.4216473908718825,-5.529827631877664,-2.1081802410058144,4.501864634680238,-0.6900472745552124,-3.863394543335006,2.9690700160509462,-3.409936380283254,-0.11319584885905676,-0.5826597985830317,-1.7709903019058655,-3.8389464620675127
81.0,-10.512455745126957,-7.64008537538634,2.872370369740536,9.104473379549075,-6.6501609945775515,-2.3514564393847115,-1.0147656460388284,-0.7071432512629139,1.8045515868973145,-1.8831334576889853,-3.5890938942575614,5.194319135825535
82.0,-3.0940127276489315,-1.6981415195503389,1.3958712080985278,2.3509807406953325,-2.205800430496261,-0.19901716210306913,-4.513861225254213,-1.4278517179572046,3.69867655299771,-0.23702201109511845,-0.4864914947541352,7.119250057907774
83.0,5.890300155767418,11.104733157587244,5.214433001819824,-8.536134821856388,0.2959973367022597,8.190214692544844,-1.066461489066799,1.44923075609477,2.720872056335231,6.1395287159599965,5.34425601415803,-1.9804576072150102
84.0,1.3560098489148,4.865499831849618,3.5094899829348774,-3.065398413177976,-1.0415466349405302,4.2198602664688885,0.8312804592724077,4.4238294773584075,2.032773901806017,6.499551231172152,5.26629949766591,-0.2539741911711485
85.0,3.6600360992873386,-1.2650765795497652,-4.925112678837031,-1.2280861657194322,4.247463437126265,-3.059070070894277,-2.6642001842253586,1.9623508168240882,-6.271529951992462,-5.485989303543701,-2.4149973736867425,-5.898583340310145
86.0,0.7483307009729163,-10.460824904270758,-11.209155605243632,4.826316798425845,6.010188716798758,-10.872984749036343,3.759248575595473,0.7304244045742372,-1.2936329446070065,-6.6538077035142775,-9.418764851907179,-3.23576591560122
87.0,-6.77821674365336,-0.4163082162190981,6.361908527434277,3.6461877294391143,-6.620492195682471,2.939405170685518,-2.6473990111162453,-3.3899374198380015,1.2178561111967943,-0.018059967232751717,-2.7964873591709707,6.4476688151343
88.0,-5.173314056873388,1.6080454380573717,6.781359494930747,1.7542748178982543,-5.952751685821846,4.164917934099476,4.965083747303818,-1.253364141797978,1.375719166819733,1.0432010615255447,5.922648651852866,1.8838793240996243
89.0,2.2019208995713457,4.1988395625814166,1.99691866301005,-3.14583135278993,0.12353365999204602,3.1493717797170797,1.559913189653599,-1.652348896514457,-1.3516898465487366,1.289087852608191,4.1106431826361085,-2.4775639080361573
90.0,4.120326632900323,1.117658282136552,-3.002668350763769,-2.6363224670640926,3.580066482692349,-0.9677906336673803,-5.541319756596368,-0.02424690159772802,2.4254744583942047,2.9208677491021717,0.9103213557504777,0.6437491124602402
91.0,5.394190429109793,4.3332301876345065,-1.0609602414752468,-4.872891137044596,3.1666841025899144,1.6916223428155992,-2.7919455161698443,-1.5689496408481605,0.5351893683543368,2.528136558116913,0.06316665305354274,-0.4642979114229492
92.0,6.172267026231312,0.3304762199065603,-5.841790806324684,-3.2535462658335987,6.026136493576698,-2.77668629227285,1.0832518711792414,4.544880702694298,-1.8218859879226144,-1.514176149959033,-4.331034783017237,-0.2593803388507527
93.0,1.6086835570794922,-0.19723777317287183,-1.8059213302523034,-0.7045925512803779,1.7292780781549417,-1.0206278555593105,-0.3573627045304509,2.899290213951102,-1.0870393620489056,-2.364246583027371,1.4208937913162831,0.6269709908307501
94.0,-6.282231259530891,-9.599037209546594,-3.316805950015656,7.93957186735514,-1.4571153411371418,-6.476109004807995,8.07006839564125,-2.081674043689857,-0.5056667536358153,-2.0878799577715186,1.599534787993162,0.0003011386131220595
95.0,-9.42702030757685,-3.77526839788307,5.651751909693793,6.592019726875323,-7.589371744957505,0.9977067954229568,1.75485182473567,-2.838311420617249,0.5907201057906193,-1.6440416573531862,-1.0861843410834249,-1.131850738345978
96.0,-11.91746565916563,-1.4512121631801251,10.466253495985494,6.662576608085855,-11.161556963790117,4.484805992345936,-1.7183213660126768,1.5867616705343288,2.8210655640690616,2.922668922686954,-5.1201281253256425,-0.5764790829966295
97.0,-2.8495096840228005,2.64326144509245,5.4927711291152495,0.1455962212972013,-4.220379791180234,4.039948899823263,-4.763942948179126,-2.610505802505859,-3.3745521301562524,-0.9866360449471345,-2.626963236757598,0.9685045837269239
98.0,15.35606391012772,12.438527075270741,-2.9175368348569735,-13.946591778764464,9.16323329734582,4.726429642778944,-4.560663102688679,-0.209855167030915,0.4822246578434042,2.264758692077027,7.9412461333320294,4.332420257845063
99.0,16.98270676023038,3.574976916990921,-13.40772984323946,-10.257868404201476,15.217059245734117,-4.876476375785039,-2.870053737735204,1.1752573486732028,2.1117849902583727,1.3237552089207671,3.2422787237097825,-1.5116133743534435
100.0,-0.07080369388072505,-7.998603780366607,-7.927800086485877,4.0534291364134525,3.9454901907340982,-7.9250936813470565,1.7739818920020958,1.7444834259747277,-0.6087533266269007,-1.4234658043745927,-1.9194357914804157,-7.0024466625304935
101.0,-5.543624702055306,-4.202582349537213,1.341042352518075,4.895495991625612,-3.50775177188597,-1.4692692106013334,3.752075290189289,3.6267999162971223,0.1801222134362235,0.3743141599849642,-0.4722909444424439,0.3442273259874029
102.0,-9.317661065921563,3.1007156515344976,12.418376717456061,3.1381322827577667,-10.855807463985327,7.805540743173269,3.4301264831875806,-0.31459611072987226,0.5880966541886161,0.6896193419846625,0.6608087527773687,4.675290364175683
103.0,-7.880194982134821,-3.250214579522708,4.6299804026121025,5.523492762367229,-6.240527755267542,0.6649900215981157,4.841839316308315,-5.179129980056151,-2.5684539470970043,-1.8189957694282757,-4.394077772774628,-1.316811350717054
104.0,0.8364775753208802,-6.9653304484492224,-7.801808023770133,3.026920163366466,4.339643418698689,-7.400504746651999,-1.4313235952582186,-4.516491170343604,-2.6230662851349,-4.8699981715978735,-6.702468798841059,-1.2649689176376258
105.0,5.744618979950101,3.343799899448134,-2.400819080502025,-4.582459117129379,4.101815807792572,0.460803624613352,-0.6812052381189118,3.4104037783680994,3.226533092692364,1.0602154761063893,3.915285058034538,1.4475182082049853
106.0,4.092787897147602,13.254486657375898,9.161698760228258,-8.63854095799922,-2.57472662324859,11.200894506485563,-3.902200010571036,0.7961515767954656,2.0765451109364714,4.178748246784961,6.028579847127519,6.181048726295098
107.0,3.980424263014595,4.523991902546834,0.5435676395322737,-4.22526660026932,1.6860804961736848,2.527077539474508,-3.537121733120923,5.507141856704981,1.0479681620180004,5.329008255269384,6.492490433054069,2.683515429408456
108.0,1.1031439594016432,-2.752829527863543,-3.8559734872650484,0.8433115871997452,2.5305486656809046,-3.234603986910761,0.1515571600765404,0.7822246854627055,0.6883117595812994,0.166609532026055,-0.6937374467180337,-4.294974101308311
109.0,-10.028976088523871,-14.578610053752453,-4.549633965228379,12.315371340441924,-2.7671126370596117,-9.577773620982253,-2.3988927819386037,-4.590146666097334,-5.112377408660691,-8.028931383264325,-7.037620025686271,-9.538492699175812
110.0,-1.2812164220226903,-2.3316236567507076,-1.0504072347278504,1.8136034392572364,-0.1465902609054972,-1.711628211982493,0.8968600840154414,-3.1190450025795866,-0.34866822152137367,-1.6185254497101815,-4.780504862247467,-2.879927963727805
111.0,6.4765287303867165,5.443281824944249,-1.0332469054423838,-6.033203462721542,3.7958036533249024,2.1754688073159896,7.339299840396481,2.84489505022006,2.961049378423014,3.643202345746989,2.291475755833826,4.429440517700376
112.0,6.581861684463921,7.798325432491067,1.216463748027143,-7.183723330329015,2.715734298973174,4.546430692893455,-1.2760662021717928,1.0525127480137793,2.6445592702702165,1.6818900656658586,0.22743953413321222,1.363917503037705
113.0,-2.0498295420779815,1.481809245189421,3.5316387872673416,0.2941187794388682,-2.8438414755332424,2.456976317988227,0.5259560116699993,-0.6623521227678281,-3.357759381504914,-2.308559724426141,-0.6077527819807624,5.419183321048605
114.0,-10.199627349805573,-9.219381275544116,0.9802460742613737,9.726399975736488,-5.569736309370882,-4.098725812459729,-0.7079738658005637,0.27401179664184727,-1.7192016888953459,2.1196768637026944,5.2158879788450605,5.544432029211199
115.0,-4.886136528914074,-6.490850107466809,-1.6047135785527726,5.715036350532764,-1.6229068369519783,-4.031663901612195,1.902574220124298,-1.2069202670397663,-2.203405645139627,0.2211623505904663,-1.1716233411123573,-2.0495747300512153
116.0,1.085872926815397,-3.1840270985740746,-4.269900025389474,1.008349252231064,2.6182890678987913,-3.7113675510472466,-2.260478693954794,-1.4899093437664188,-0.43993221180869546,-7.05785675981278,-2.432376045426107,-11.490633264716283
117.0,0.1548181518588594,14.148220487592889,13.993402335734082,-7.102084413105286,-6.894847737140925,14.08970674943389,-3.6790016109034576,0.448670101170527,6.3309885496386205,5.024274081655838,2.7664620407960605,0.5919347663593442
118.0,9.37291475623218,5.29531689562282,-4.077597860609295,-7.354402808569069,6.75843092973931,0.5547375888830643,-1.0924036652491333,-0.3936030618500097,2.4057689049083275,2.209871936612151,-0.7521393184405772,6.9723817952331615
119.0,6.448830179659565,1.8956010282680906,-4.553229151391414,-4.1878315796437535,5.466201617120353,-1.2978465817555582,-0.5187410155964791,2.2995380164043318,-1.5957938968121532,-0.5073205709951769,-0.2615460966747889,-1.1703007311031337
120.0,-3.0078067399635584,-11.135476994601284,-8.127670254637678,7.055476864352148,2.6142902786050066,-9.673979025710828,3.750893772259311,1.3268986538898786,-3.2267513562442924,-4.638896224843045,-6.4683330800809955,-8.973907935635246
121.0,0.756021221611181,0.5613351942670386,-0.19468602734410956,-0.6799650830454338,0.4582719962980416,0.22325912226210143,5.115552168445268,4.756038287139365,1.0050726878478238,6.108961701905542,4.92052384829074,4.488667794606175
122.0,-8.008766482855112,-0.25208138995747476,7.756685092897625,4.180151409097052,-7.898112947042264,3.715308924552415,-1.5496447643501612,-3.390667833861622,-2.0401938663522583,-0.27521413522622185,5.3027584478651795,5.263554980206986
123.0,-1.283456596527432,1.8128612878838681,3.096317884411257,-0.3015522392301442,-2.2104122185487327,2.497017302107087,-1.4649082211991256,-4.244204783428769,0.967427015820898,1.0454632031086453,0.43635546665539837,6.938673763882281
124.0,5.136155834038972,5.249983902793158,0.11382806875414264,-5.156972140432331,2.479363002565351,2.6458855069578098,-3.0217203282010043,-2.666085829684805,-0.3553946583929928,-1.1753926588203516,-5.275567328506574,-3.2293824419215387
125.0,-0.16962008127101053,-3.7098304814796883,-3.5402104002086867,1.973008368178657,1.7173973004694654,-3.581812944235005,0.2860940788748372,1.0658503016462237,0.38447136070230015,-5.433218410300448,-4.775673632666869,-7.017602513688949
126.0,-4.511671708986384,-6.491546871193628,-1.979875162207212,5.4559280490821545,-1.2485495291779862,-4.270514648074845,-0.29348735268030435,0.7305705538883751,-1.225170706601363,-2.3850388339050133,0.8457093164360097,-7.003376710244976
127.0,0.9675317671726698,4.492969621063767,3.52543785389115,-2.6961039903713226,-1.2726861749018012,4.053813301444115,-1.1884450951995311,3.4744934405536436,4.455324021037499,4.713730855684111,5.363036570049153,9.06540040542918
128.0,3.017579176012335,6.363928862139555,3.3463496861272475,-4.734395519043923,-0.1631104982137846,4.821099252301285,1.95426918281445,2.941573051127561,-0.003413307787711206,2.625206767727838,4.797278137876897,5.054922290535126
129.0,0.6754042246718863,-13.49721716783531,-14.172621392507203,6.367366292438804,7.4270895534582575,-13.869701995810313,0.9557679463756281,-0.9484086869552255,-1.7547005886771312,0.13604175566392218,-0.3940295772739444,-9.215388807430099
130.0,-5.300080691718566,-3.4430751500124535,1.8570055417060711,4.406234422625666,-3.5678016194034052,-0.7505011269029147,3.8478751785165866,-4.529823385115009,-2.368817389842131,-2.4662575812138767,-9.068732365152721,-3.876945028467471
131.0,-6.352471228484144,7.114025575829572,13.466496804313678,-0.34649748170109085,-9.965983554191345,10.252435792790616,-3.7562614976503435,-3.6714658660253905,-3.9429438534067165,-2.459914590107794,-3.1226462975085285,6.6120538913054965
132.0,6.369065401634703,8.354392734845803,1.9853273332111074,-7.326854263038497,2.227073377131437,5.209546007798751,-0.2226279782467777,0.5712857384135868,3.647496121274769,3.36980061465074,4.026398602873694,3.9678346968301144
133.0,13.413938477458597,9.031405653299046,-4.38253282415951,-11.264728137449927,8.866873098236528,2.3634704966887337,-0.9402850500361938,8.07836865629266,6.313348902290253,4.224232135961037,6.460040295547791,2.6719549310868738
134.0,-0.9883957284765117,-4.988788005012392,-4.000392276535851,2.949235184702424,1.5630550953368618,-4.534593953134662,-0.17653637006182443,1.669472703137263,-0.9235115349563476,-1.0620065562141854,1.2714927017325364,-2.343143633520013
135.0,-8.104364081184405,-9.420874657621852,-1.3165105764374418,8.8049459201041,-3.409640412836252,-5.409047629169007,-2.9049334083310674,-4.240327538815685,-5.145254726708738,-6.164801321749718,-5.034060049202894,-5.065034448611397
136.0,-1.572261353734337,-6.585170504394805,-5.012909150660469,4.0448178217291355,1.7063532367463285,-5.761307751411989,0.49074349807706796,-1.868241591425235,-1.0453335352077249,-1.2866270063114276,-1.896697064263735,-2.7658060061391305
137.0,1.8117870635897328,2.773369637200697,0.9615825736109893,-2.246126556141225,0.4088025407993312,1.8256160707929123,7.194687519979476,-1.64086481451763,1.378469394039794,3.746104302405207,2.178481341996579,1.4178427968087965
138.0,-5.491212107396805,-1.9678067178693293,3.5234053895275044,3.6974782061535825,-4.529151468168781,0.8140287666300017,-0.003931802014445207,-0.32266840385483864,-0.01475117245871213,0.27748124342492386,-2.5593271351301397,1.3345943026676168
139.0,1.3912427037192123,7.590206549271565,6.198963845552376,-4.4453489718276735,-2.354403400023436,6.930545457786284,-3.108650132647751,1.6555342877210817,4.574493230855387,2.050011245101966,-0.6645393547179581,2.875684691591352
140.0,1.9421242315246028,2.179688112957877,0.237563881433279,-2.097236242680681,0.8937300327223008,1.165722327789688,-2.2382114655995533,1.869554487703344,-0.4501944424954072,-0.6656158498923848,3.7224755231643325,1.678067643957114
141.0,-1.5170127946133833,-1.5694814256365919,-0.052468631023216805,1.502815361508807,-0.7770593848568899,-0.775731168507239,1.8232275439534795,2.123853192330971,-5.193176972470528,-3.127714905632585,2.569731624278064,-0.39700010871979274
142.0,4.948985814463951,0.45050891186746966,-4.498476902596489,-2.6656889150591243,4.672730925322417,-2.069252641367082,0.6715134023221386,0.049839189218319424,1.6709296981014146,0.811782682413942,-0.316563017657706,-2.66965975551753
143.0,0.22025989845383576,2.3134273256376905,2.093167427183837,-1.2359252597273032,-0.9131152621741143,2.233652609558089,-0.9800566103810329,-5.078718035999067,1.1094597838464975,3.7583121426026946,0.036072737707985136,-1.8269032416547735
144.0,-4.313763545534167,-8.109966051802292,-3.7962025062681426,6.1631328296860675,-0.23776605471650192,-6.0053967248401845,-1.6197962315631518,-0.5194437555013653,-4.14378017497002,-3.8805464600044104,-6.058798207855675,-2.919322023582693
145.0,-2.3336503089345557,-0.0944817745275719,2.239168534406962,1.2459607439382752,-2.265782638775979,1.0953301956818455,0.06573542428641595,-1.164293762571859,1.5418236516374129,-0.9865790544234191,-1.4469116494621796,3.304494805186229
146.0,2.181265763312625,0.1285474354193945,-2.052718327893248,-1.1185784308336417,2.1384586636685112,-0.9406298751596327,1.8434736900824074,2.410496367355929,2.5193025520903727,0.6143778695821058,-0.07561288109258646,2.5409391623738715
147.0,9.000369046217354,2.919989758053492,-6.080379288163861,-5.9964230222862795,7.484112000293177,-1.5573798486517285,-0.26073128453912253,6.265970179706181,2.8292325690898847,-0.25949967580705535,3.34633512557622,2.3890720826549003
148.0,0.960881454243927,3.3904129367494855,2.42953148250558,-2.2049501354190872,-0.7114738091887249,2.8582588313774995,-1.6770756773525284,0.1903346277645377,-2.6381317556008232,1.8759265326571457,4.742812595321421,-4.19825829878378
149.0,-6.0578902561646935,5.204332600811542,11.262222856976244,0.40445069477528506,-8.716354461828784,8.266269134870555,1.931514360316317,-0.8760672234530752,2.1568041308224135,4.354039443981185,2.5805922356776687,5.574475541396367
150.0,-2.872323830638316,1.329634326932266,4.201958157570562,0.834439482377976,-3.5151043022432362,2.8046125839186566,-3.85912037390628,-2.9904554569332262,2.083247675335123,2.391366907538812,2.639728649224318,1.3334870868579598
151.0,-6.761893192900687,-10.154339150490944,-3.392445957590311,8.448668261004704,-1.6619551652481248,-6.809506660633593,5.654235383113466,-8.949497281342582,-6.794899426240018,-6.7010506344726295,-9.077949234366962,-8.623118354577286
152.0,-2.9453287254124927,-8.035424942011055,-5.0900962165986074,5.486330281799361,1.09787420406737,-6.598113729452415,3.8758262124234597,-1.3652364575046163,-4.971355812942622,-4.788509669779135,-6.9360981270736,-3.81060040109817
153.0,8.53604526125907,-3.778979291966399,-12.315024553225484,-2.3786703274017382,10.45570514142848,-8.0843098288482,-4.98455094380049,6.0703542994079465,0.5991943462545992,-4.163943559198147,-3.989445826510142,-2.8921155912729057
154.0,12.406188926142136,10.021225312704676,-2.384963613437443,-11.212316930866454,7.352741887772097,3.8565729957095107,-3.2818042153884273,8.70492306279139,7.431565551404107,5.976334493552413,7.329336770773454,4.524254670060986
155.0,-6.846066670128086,6.738152516969844,13.584219187097965,0.053765544847578006,-10.252348903259534,10.1978000397214,0.2000376918043929,0.7849556747763629,2.210886613851896,5.046839862965289,7.258929206853859,8.786433839652533
156.0,-5.61422277459013,2.85148810732509,8.46571088191524,1.3763238806237252,-7.0724528616241376,5.696239791321657,4.856337407419569,-3.7147224323204564,-0.005467163475039172,2.9321484546666063,3.558006631152746,2.9164464193852657
157.0,0.4923118111680047,-0.40507845822320343,-0.8973902693912024,-0.05611645306901236,0.744798418234125,-0.6880620383617448,-4.046505501104775,-2.558898367279629,-1.7075614323918569,-2.0481534409906175,-0.8016749489615775,-1.312747196901877
158.0,-1.4219095896943568,-9.045059158091606,-7.623149568397256,5.212386523971909,3.1534555010050394,-8.364309515047387,-1.3555703669976684,-1.176377702160364,-1.4929302917135714,-3.633411390995786,-3.2200028784689736,-2.7772873447124944
159.0,4.660240660607103,3.9720112596302695,-0.6882294009768546,-4.266328498892678,2.6504972769713664,1.6189412330330555,1.5214359607186698,-3.217061202045641,-1.3802548631311897,-1.0892608501278036,-6.820918493245972,-5.435180544769248
160.0,-0.06431007482472273,-2.793586245370588,-2.7292761705458872,1.3945747365748125,1.3098640408555937,-2.6995986326067687,-0.16893343942451478,1.0302529744840094,-1.3575517716069891,-0.3515727144484715,-0.7133510026205458,-2.9469645291421496
161.0,2.0455642090184702,-0.948720720355503,-2.9942849293739977,-0.5061493599624878,2.496756212620599,-1.985169902219432,1.3469541475591793,4.392548842929063,2.4102425136283188,2.7633489514158622,1.7277908362482755,3.7176769481013423
162.0,0.6122463563527596,2.4741874647532214,1.8619411084004434,-1.5787443804112968,-0.571954728754784,2.153843157418301,0.44832322685490045,0.7013950945117324,0.89798209150416,-0.7013197929472141,4.6397498526259415,2.407210943579848
163.0,-6.7152777686115535,-1.2497502126361277,5.465527555975426,4.028425470246572,-6.121098124206317,2.0889750454097555,3.9154370394527893,-0.0019776590158493423,-1.181619599437279,-0.06966437943249748,-0.4521831496826576,-0.1758159577126408
164.0,-4.702964447201898,1.3718331651736082,6.074797612375541,1.6352892247721185,-5.426035049486719,3.7747768563061905,-0.5275153821252887,-1.113012432147219,1.9978338334672652,-0.004964416796576887,3.2622291436536575,0.7893834043726793
165.0,3.5808015306807,2.678426068505645,-0.9023754621750171,-3.1591333773272465,2.2759860471589413,0.8499343639413124,-5.041153812047102,-2.2904301836105723,-0.4326900631734668,-1.156513425410923,-4.524612938587966,-3.3676688112535484
166.0,4.7103743402271565,-4.311076529245733,-9.021450869472853,-0.1522662681569784,6.893243195792582,-6.6368901846393085,-1.6945323971801551,-0.6926080579799845,-3.433059158776284,-0.5071756136930969,-2.807357509407273,-0.10274760853130727
167.0,3.5659058938017143,1.2956090784563785,-2.2702968153453096,-2.466131559678993,2.9390238628087095,-0.5461032586632162,-0.9507916691831224,2.1046347988303453,1.3509786464339397,2.5955666785199774,-1.7293360226907049,1.0977997714539984
168.0,-3.281440313714096,-2.821012550800019,0.46042776291408094,3.0112476848197973,-1.9344029215079752,-1.1654030958374384,2.369113462116175,0.41366917547009263,1.4861908083773085,-2.1174210402455533,1.4621718560256671,1.5614767297982004
169.0,-5.767476326881651,0.592504241547183,6.359980568428821,2.6231017760477013,-6.053402512246805,3.4920121844949055,2.716737929654884,0.16742047241445462,-0.9826154091407134,0.6597677553182256,3.2604215894539723,3.158701501808196
170.0,5.944652185668628,6.24564571920273,0.30099353353408054,-6.059635520982461,2.827944094457435,3.2962436437975473,-0.2264543793889744,3.638325353529057,3.681677907797066,3.909011456143726,8.138920584527574,2.193927086486598
171.0,2.905963328453955,-1.1338940209151738,-4.039857349369149,-0.8472202231349848,3.4759124240604677,-2.5520560961445335,-0.539603960524968,-3.7697779342182636,-2.685311381306377,-3.2697099580166276,-5.017494242176815,-6.549865080529441
172.0,-6.966489958394311,-3.7873575612311843,3.1791323971631487,5.342570762279849,-5.071260016408653,-0.33450650342616617,0.6634560549621813,-6.235697346199308,-4.708601094262998,-1.9069549209112673,-4.708838779848994,-4.622110212101209
173.0,-2.76760136831726,-0.14656470824729073,2.621036660070037,1.4285543582931535,-2.692004351377807,1.218330383017606,-0.5057575903863524,2.9682043924108856,2.9144692598741484,1.1438464698019335,-0.6881025734923059,2.180358388820144
174.0,5.042082284938665,1.266444535704718,-3.7756377492338618,-3.1786876270268136,4.41450065870586,-1.2670093827497644,1.299272880328199,5.870306113141365,3.760706756906774,1.9292120838818256,2.0317541237416306,3.862128000326365
175.0,6.509582256742217,2.125585742988935,-4.383996513753202,-4.3406959538681384,5.458380329141078,-1.141250470245033,-5.756546668599819,0.39968221419181615,-2.212439954042491,-2.6116530092282453,-1.609746179093793,0.6868270172175808
176.0,-1.9089021701942763,1.349739502830269,3.258641673024609,0.33372857962684876,-2.6425608513567345,2.287405928862934,0.359281257585657,-1.6790128793593522,1.177821567249253,2.543519934914909,0.6104963010382636,0.43150461441887566
177.0,-5.424450668891783,-3.3702317069570937,2.0542189619347284,4.4478276782225485,-3.7090179028668473,-0.6032628420193937,2.9182583071888937,-4.034470476635914,0.06178901968943433,1.3694857882696727,2.06388655436969,-0.7279638710646782
178.0,3.85837877430569,-0.05887896739999454,-3.9172577417056766,-1.9331114926053203,3.929796266092897,-2.0186815008390466,0.5597077343182797,2.0074042926983746,-2.504205671969679,-5.805792371845636,-3.4690834728213455,-3.442745135469982
179.0,-4.3127112026555805,-4.502822625839132,-0.19011142318357788,4.368478701414731,-2.086058056857569,-2.301971853663395,4.885565418418174,3.6488432094831573,-0.5218939700221024,0.34151393709654054,0.9123897386929039,-0.8024541548153621
180.0,-8.121396670855075,-0.35116030085780103,7.7702363699972175,4.269622955338019,-7.959345027287151,3.67539465543942,-1.581870958693239,-5.966129601579725,-0.17571129303956304,0.252563145266402,3.769403095538664,3.35999965467757
181.0,1.2296512081942572,2.5307703815492086,1.301119173354894,-1.9310385369872591,-0.039907619992147314,1.963508016016546,-2.950279720267472,-1.9644648685118882,1.3732083098725654,3.7263962995341875,0.3665396124478204,2.607132764620596
182.0,0.8982191258897516,-6.440004662675384,-7.3382237885651715,2.7951775412440374,4.120726128772881,-6.916560998138404,-2.6003732062111364,0.027135987978032183,-4.587699970845687,-2.3348414814500402,-2.9416987935222227,-3.172282750791828
183.0,9.860840078711748,6.608996246900114,-3.25184383181163,-8.21156384055966,6.5624391920537235,1.65340921647475,-2.770784147020917,4.550552958550584,4.876963079868945,2.0623675829647663,-2.2193736892673073,-1.795358473894351
184.0,10.646713438278978,14.239635957097816,3.592922518818854,-12.417765676612973,3.5334314667933935,8.890495738844754,3.6528570558066837,7.2266876705193575,5.203519358677145,5.428527633394548,6.49423286104337,2.8855563127911523
185.0,5.379901073231496,0.7659028162755646,-4.6139982569559,-3.1218263108835034,5.00094617775338,-1.8746379002928522,0.15261685460981567,1.5065268097094426,1.028402751159171,-3.137299131974453,-1.5359440183752435,3.477331330901209
186.0,-10.67151671349207,-4.080701545028782,6.590815168463316,7.411339757564698,-8.63229791418421,1.2205324927715402,4.891711207072589,-7.043264916494969,-4.107010863862108,-4.002080431630844,-4.036628528015778,-2.373873158259025
187.0,-13.388816912516097,-6.216766174503356,7.172050738012757,9.76402920303536,-10.288625212415095,0.517163699337502,-1.6879804521647017,-6.199009853483535,-2.0594923279518147,-1.1368585125596455,0.31996177871231324,-2.7617101133900053
188.0,-10.7832106740646,-15.755071898277208,-4.971861224212607,13.311920486936685,-2.921888338246764,-10.404818064684246,-2.582930574756009,-2.070690688993183,-6.198139100026702,-2.443035239405611,-1.5853476786111635,-5.314820104995503
189.0,6.181273971564962,0.9662321474461857,-5.215041824118789,-3.609461739916581,5.674118287416916,-2.0852058949455246,-1.715127401460713,2.1009892481601717,-2.008391617254845,0.9091296236656922,0.45730900571213573,2.187420492134571
190.0,10.004188050702801,6.943382730842316,-3.0608053198605014,-8.51144438707725,6.580585385913736,1.9075315312793308,1.6139963594932198,5.890390462916796,7.506001221296123,2.0995605524680823,3.523552610084493,6.547379422372359
191.0,3.3917157868847267,5.101711054414615,1.7099952675298766,-4.20883464968863,0.8839628911533213,3.4592857266712302,0.7878178521745367,2.0806978202144637,6.236449709320912,2.9015764615394017,2.48053691359079,0.3847778030980047
192.0,2.4096563802445887,2.691965124729929,0.28230874448533383,-2.5163533996680023,1.024318811859541,1.4704393156907507,0.9639067837257392,0.9142365784849207,-1.9729414409619945,2.644573711526532,-2.5236313080017716,-1.0955359134387908
193.0,-4.063408582486595,3.5775217379800996,7.640930320466695,0.27441154244707855,-5.894888105084828,5.598471606103171,2.736589506783318,-5.441013861263936,-2.8800261079106346,-4.0954201019291325,-0.7201533447431924,-0.28088904604141396
194.0,-3.0429198736921754,-3.7192969904497875,-0.6763771167576045,3.3313581307504503,-1.1512389956894502,-2.207606679240181,-3.1549629326875035,-1.4902274444055144,-2.718218705298928,0.05379894976192112,-2.345898053066154,-2.291834210930205
195.0,1.7191966939924042,-1.3679886126065113,-3.0871853065989012,-0.2274549981051237,2.4300952247924235,-2.2421868639164324,-2.837852672490963,-1.1617385236160855,1.7898704058031512,0.8255296786196953,2.5086664203669766,0.5343179194980088
196.0,-0.6112065200097658,-3.561104889363984,-2.9498983693542082,2.11137149754903,1.111506514311853,-3.2798146954618717,1.3641276268968339,5.11718261321301,-0.28164277569514207,-0.9751408067794026,-1.9049167601495633,-1.8515670621035998
197.0,2.8543791920073485,3.0473467412160367,0.1929675492086922,-2.926507098746116,1.345726354561668,1.6624158429332678,-4.050482736944554,0.7985414918299307,-0.15899447639618847,-0.8867103964070606,1.757074334988605,-0.5056609988442828
198.0,-0.6118604144584558,4.260141455581324,4.872001870039783,-1.7993136893886061,-2.7313612012451403,4.5967488489238155,0.39442359100319624,0.5498250093953408,1.1880317666216758,-0.03532966975467311,0.6024165115416747,1.904837240831653
199.0,-1.1862564390734747,-4.946907252169849,-3.7606508130963574,3.01465964059344,1.2959362340869442,-4.410141238910846,4.780409351933488,-1.6707797492890744,-0.6628592509076093,0.06590675710465257,-0.6304927457161781,1.2562137879388475
