Time(ms),I,II,III,aVR,aVL,aVF,V1,V2,V3,V4,V5,V6
-200.0,-7.463484261810775,9.055422891410565,16.518907153220873,-0.8526895711498406,-11.965730578446529,12.74201122651241,0.7461876892156273,-6.475974346808527,1.2930525420150962,-0.9436755354509316,4.233294350343568,6.864091075622029
-199.0,3.720730834647595,2.95575580022914,-0.7649750344186597,-3.3175529800932018,2.2763544260187585,1.1345649756425673,-5.318095398623762,1.2620322887254036,4.990883113761084,1.8817920445052143,3.504180537207911,9.532379765998632
-198.0,0.7119058136773471,-10.838610972306373,-11.550516785983547,5.088360329035529,6.0931883432545435,-11.227893052916386,1.4231630566778821,-0.7328152793558964,0.18244597935688,0.7470935604887278,-3.2951925311027614,-3.9760595948282567
-197.0,6.320592731816862,-7.305026091065844,-13.625618822882222,0.5262765660116044,9.939308349985934,-10.493233937096923,-2.6129716163412287,3.9687164429041033,-2.3669630456953596,-3.3046054088735444,-2.8138926115544027,-8.793612975215806
-196.0,-1.5876826503125567,-6.174484342160916,-4.586801691847919,3.847938431005223,1.465819873344624,-5.326411450522717,3.9549720728994933,5.790280348861485,-1.3490482430137571,2.194214702613028,0.22115738342221558,-1.5964717093160896
-195.0,-5.2796326973807775,0.3620436742387163,5.6416763716197424,2.436933346955099,-5.41939752196887,2.9780990437224855,2.647583313796681,1.3692337749526593,-0.3772303754236789,0.29349675922445173,-1.2653574942862473,2.909574109901964
-194.0,4.292310442567709,5.284893772033586,0.9925833294659174,-4.801708063860401,1.6851922130786017,3.1131049859445934,-2.270157395402026,-2.6033564944648573,0.33292948016829627,-0.7798215487798322,-0.7267077222113706,0.4320641668014614
-193.0,-8.167623408173345,14.437033575071922,22.60465698324511,-3.142671489285884,-15.435539081971072,18.569939953159597,3.7401481598790105,-0.8271214097781001,6.142026701316736,3.3496323483350503,4.987845425135199,-0.10004456676543616
-192.0,-1.00853390061508,7.484831314988461,8.493365215603284,-3.2444470771328535,-4.725880964396221,7.9540107155095905,-3.1435342658773977,-5.4636706754252105,-3.838460559855269,-2.2534804575738177,1.2559203088167141,3.2073231336110797
-191.0,5.674196121694574,-0.6860476501641837,-6.360243771858918,-2.4225916435837767,6.040499354093899,-3.4855344354407842,-5.022697135383488,-1.2485568779506737,-0.6519939776397581,0.4587600941918901,1.4760349639681574,4.48088699500922
-190.0,-1.309198015323597,-16.20359635787099,-14.894398342547294,8.746320381459645,6.816359394025421,-15.596085407218265,2.1873297880052944,3.0945021382368267,-0.4222497249519358,-1.5646032347865895,-5.391784921634965,-7.468622567293455
-189.0,1.1829649774846014,-11.653906473488568,-12.836871450972973,5.2210642272011825,6.956826238077813,-12.218956895056166,2.0023397616092056,0.5215716914495037,-5.089504734851432,-4.26369967379908,-6.47986597797306,-6.340508728519279
-188.0,13.775934656930053,7.668542723047624,-6.107391933882253,-10.742589211338963,9.891050446478976,0.8030223054625267,-0.9277100176344549,2.772847620637342,2.0110535472935553,1.711381992208886,0.28825715680068376,5.791184639910431
-187.0,-3.326496462354462,10.403110165898761,13.729606628253292,-3.5663372339827566,-8.497217689936253,12.007749420685398,0.37932022152099054,3.930205204180139,8.564084158640295,8.61069760750366,9.701476397057435,6.775244563584074
-186.0,-13.59325649949876,-2.3249182928379835,11.268338206660573,8.000589870758255,-12.396957596713602,4.491526264283375,3.3795664841423747,-5.5748078077348175,0.9770982284932583,1.6592931487498612,2.333747163467502,-2.988653093352812
-185.0,-5.496556784878131,-12.041040450369964,-6.544483665492111,8.800160068266207,0.5612466894047499,-9.271218923955834,0.40931352515241126,-4.265868548443057,-7.239441230345884,-7.338764149941618,-3.5885296906761197,-5.605047792180711
-184.0,2.3043032679912043,8.838875894147774,6.534572626156274,-5.62911909345162,-2.152942984419132,7.711781365220501,-3.788888406336647,3.26879770663888,1.4609693198480302,-0.9834366668786076,2.4637176499371494,9.167961421051174
-183.0,2.2101367845876143,6.900883201512045,4.690746416924369,-4.543350603011891,-1.2748266181545476,5.7468409297011815,-1.4458655063164036,-0.35665174305102865,-2.9026192598295824,-0.7155207097572396,-1.901218386971957,-1.494867802344788
-182.0,5.36659716765451,-2.896836615405415,-8.263433783059824,-1.2296333062801779,6.861531014761478,-5.545128574497479,0.6511821116356571,3.3370222037641932,-1.7223338541977178,-0.7469493399833931,-4.2273375148452725,-8.940602789411152
-181.0,9.455321457680608,0.2710725639171282,-9.184248893763211,-4.861886159237449,9.288525782284093,-4.495111153041043,-1.9819991922378541,2.673860750902938,2.5297443955908476,1.6766767067336823,-0.9668542287478261,-1.461788449099458
-180.0,0.1364981388931188,-1.6403585860531382,-1.7768567249459348,0.7525868972332808,0.9252007883877997,-1.742141335588033,1.4932554626075003,-4.356649171781958,-0.6078246877504665,-0.9238123438575736,0.10524539456575721,6.589900169461938
-179.0,-3.2267962149364564,-2.4762980627263684,0.750498152210453,2.8544021196502816,-1.9424061039075258,-0.813021806335432,5.021844269648717,-10.285761481008258,2.2127843958505635,1.1449416985339094,0.3647603590588545,-0.6843613428899293
-178.0,-14.321318258667764,-1.1140747634787544,13.207243495189232,7.724429104091811,-13.719580780533645,6.1004477273968325,-1.5052143270485803,0.8299557204756312,3.5955056555009985,2.1614128353602116,4.7417935188730125,1.8550947589348863
-177.0,-6.318321280674425,1.1930417655026953,7.51136304617703,2.5732855657238582,-6.950925706740428,4.329790800465451,-0.6159275494742767,20.07142607474553,5.284960276466088,6.585734131138273,5.70608468362806,9.598951379592648
-176.0,2.7575399990030696,1.139788316854068,-1.6177516821494367,-1.9356448559195898,2.148844957679354,-0.2615115516459632,-0.4501977818395605,0.4768015582383285,-4.430431628643411,-2.4192657075944624,-2.1588249530676618,-3.6249392373485936
-175.0,8.544180142440378,-0.7707872808646303,-9.314967423305557,-3.9524411566790687,8.966035090176408,-5.068795372031634,-2.3873790105873223,-17.309053316004842,-10.067990756753904,-9.174923972566818,-12.103368954798896,-19.995963943331418
-174.0,3.61141250176348,-11.336912066058147,-14.94832456782207,3.8737291546159027,9.233584219848629,-13.17483325589895,3.609640142432303,-5.454501923466931,-4.216824879566638,-3.7918257839186578,-4.772159921724443,-8.429890552050548
-173.0,13.434944075139784,1.3171278044931496,-12.11781627064692,-7.367470029219541,12.804901741435353,-5.361496978645647,-4.1025327598115755,12.27057750972303,5.444241822332864,1.663300018161023,3.332977644552171,14.624053932476482
-172.0,11.085092404363797,16.03302021199283,4.9479278076291235,-13.550975373772372,3.0937516022861673,10.52240574369972,-1.3474528145583062,8.791935719717289,6.789562921952427,5.236670739960412,10.837592736888569,17.65981847056192
-171.0,-13.362799625499997,7.3277729495155945,20.690572575016066,3.029116443263132,-17.00407611561694,14.036963487770917,3.0835315495790345,-5.225183308313968,3.7399185069068017,5.971387207761955,8.452703422274832,9.162064611673003
-170.0,-23.035027943704932,-5.199266030949007,17.835761912756507,14.137232813184818,-20.49349330311297,6.267149979234275,3.115253534609914,-3.77331429874665,0.41681046469939087,0.6426810432845844,-0.4499874617663626,-6.464422567832932
-169.0,-11.342005374301186,-5.121259473982139,6.220745900319332,8.185759174670956,-8.762390918534113,0.50276856501055,-1.8434409745782476,-5.521605136331671,-5.448223042600788,-3.643537656941178,-5.955502270107232,-13.880609926281563
-168.0,1.1401738126860588,-0.7338834070560267,-1.8740572197421204,-0.15534964074832924,1.5247016669585354,-1.2644461940742877,-2.3657867070296885,-1.122238006393634,-3.1711500609510774,-1.2938359440572071,-6.191950514489367,-9.735941152480038
-167.0,8.718494069882055,-5.109390147605268,-13.827884217487647,-1.8215962668841423,11.211388469708805,-9.419178484361069,3.99523744168848,0.5827017759895007,-3.7827969347444386,-4.101355271767072,-9.13527755358351,-8.543014285937273
-166.0,9.88246694362507,-4.768724221161945,-14.651191164787393,-2.5642283181784675,12.284771156582527,-9.729253489617918,2.0441325031408155,3.0519684009160652,0.1905599583173172,-3.7597245060871027,0.38235896500181354,4.321628282585676
-165.0,11.335311367801651,4.155533452699409,-7.179777915102612,-7.749663353054954,9.278842783248923,-1.5238212839293022,-5.876809298535361,2.6711609111843257,4.42345640476676,5.04174500488641,3.143755844462648,11.175135598489629
-164.0,14.278358264208874,8.630365538254818,-5.647992725954206,-11.462805774402813,9.990157279053303,1.4825467290952479,-6.467002649907383,1.8444850458880448,3.9896775454769235,3.4640612025171427,10.635412320999459,13.462977064407827
-163.0,-0.6893505958833575,-2.155349141248511,-1.4659985453651485,1.4035235948965843,0.4221645621649548,-1.8218842646353268,3.2471207674001787,1.1116165604892148,5.207393863173795,5.118726359005858,7.369442571150376,8.47384925238837
-162.0,-10.327269944138147,-6.606047136940223,3.721222807198176,8.512773552568323,-7.063106425402164,-1.4614490076334317,5.266088580621952,4.214151796129419,1.046616370753936,-1.3402145872987488,-1.4790295209400242,-6.996163319381053
-161.0,-17.36074286942583,-5.962471807038287,11.3982710623878,11.61535059688884,-14.415060009877035,2.766260396470342,5.539087598425041,-2.6366116767889,-8.929011799245696,-7.510872600844479,-11.852181319594479,-15.441582129705292
-160.0,-15.753724693974725,2.3112297765789345,18.064954470553882,6.7437782321601,-16.945205416618364,10.145305514954837,0.029241401104740827,-6.480963925020869,-9.600844941687422,-5.25679195009782,-7.474945223630907,-9.072377271726808
-159.0,4.227706754649168,2.146234284966579,-2.0814724696826055,-3.1683655749803745,3.194222201348193,0.05729425606807137,-3.6699882665066497,-2.077381148641538,-1.7386510734096756,-1.2742074593939887,1.8324239574731074,-0.16588291455656012
-158.0,18.01966951279935,8.397668992086448,-9.622000520713135,-13.18729643283282,13.85621164227835,-0.5953979947655614,-5.8867873953717185,-1.7638333914557722,3.5449931683386104,1.299909742907018,5.690050399280453,6.413252348096076
-157.0,-0.1596547447946417,14.25226100386473,14.4119157486592,-7.095378285936973,-7.3321369121932545,14.343966902623064,-3.06851861279048,-3.7885866169525784,9.394020022302882,7.6612297420252675,5.058892360849848,6.0743830358848285
-156.0,-4.238191325448993,1.4110808966123067,5.649272222061294,1.4545487487186914,-4.911402685375215,3.539727732345138,1.8873447646022927,5.602078152260995,8.967197054167157,12.389872287674722,8.727735586588597,11.032247306626896
-155.0,-5.336130854719738,-3.927623609581639,1.4085072451380594,4.605403535957716,-3.336810868308744,-1.3296484018510704,3.6696174940544424,7.111297844475395,2.792943055795801,5.135982412389788,2.2252255272982286,3.314252928819534
-154.0,5.815135701647942,-12.138399825211957,-17.953535526860115,3.1436876512395315,11.846494584669896,-15.037586356354655,4.336428007739754,1.6328104165111332,-5.637095411899921,-6.695278692410127,-7.490656397252669,-6.472951479296825
-153.0,16.535867447508473,-18.34745101808052,-34.88331846558919,0.8918644111332599,25.67743842773386,-26.60677362004897,0.2711113026448144,4.102855874678072,-8.513522620162972,-14.721826257639599,-17.360668621601025,-17.82979143008014
-152.0,5.637475041402966,-11.352828343905,-16.99030338530809,2.9214296441468672,11.364355197384166,-14.161739723979943,-2.7367771313490636,-8.431770459568332,-10.874290214245695,-18.182515434489858,-14.002137200306564,-6.896310212203923
-151.0,-10.790686104668286,1.5046106766402205,12.295296781308618,4.622374452856093,-11.570785275461407,6.912498864292135,3.9674844853760693,-2.8940894181308594,-0.05048386655390935,3.2428529233259153,10.102875880240187,5.720858105025504
-150.0,-16.77920790760274,17.643738630226782,34.422946537829866,-0.4619063970031767,-25.63236231382026,26.05013643087871,-5.118221464885219,-2.692984529669724,6.308565985696776,11.911588838523882,17.079352721544527,10.195480010861857
-149.0,-6.883790768224724,26.943288329176596,33.827079097401615,-9.991115618320393,-20.315003953448603,30.4071351914839,-4.6130771509001525,-0.9200285791633509,7.6892673340701485,16.89917267536581,17.243018801738142,17.086219575446325
-148.0,10.287782450689786,13.16573226426672,2.8779498135770893,-11.776776942624291,3.736040070784094,7.970178709394492,-6.06805350805096,2.364261541374336,2.685197676028202,2.3918442482123847,-3.595656510700053,-0.9905815726391349
-147.0,7.718785482006608,-5.123075385995722,-12.841860868002332,-1.2764828752312578,10.22287330366774,-9.029661956156387,6.876744089412144,8.564159625299858,2.7041555062762908,2.497928569003109,-4.093876213750613,-7.546232755378905
-146.0,-5.941892985734506,-39.89682337482149,-33.95493038908717,22.93734008632869,14.019391010855657,-36.890473085006825,12.52191217214807,0.7600421254237295,-5.780816944848144,-13.02407226771226,-15.142974924957194,-16.866288451157924
-145.0,-4.757923181611815,-12.146378367530914,-7.3884551859193905,8.471175592632548,1.3228832013086702,-9.728142172196307,3.905540710012964,-0.587382766438773,-0.019137112454836736,-10.829826333570661,-11.538635320954201,-5.423824257899007
-144.0,4.29488856534595,13.132203512257952,8.837314946911643,-8.7684726198767,-2.264330231928498,10.949893290457716,-9.943249439370774,-11.013226306516815,-2.5050659931160264,-1.944490284318662,1.9914013424987012,8.32016836161322
-143.0,9.824615387052908,10.958027226787495,1.1334118397343163,-10.360615279131899,4.356902662286831,6.095178344262462,-8.285962088715003,-4.684648294215332,-4.690076551527285,4.925180796572359,9.935566675332122,6.683167524160352
-142.0,-0.6460948911019777,4.368006214209681,5.0141011053114575,-1.823502626017353,-2.888274923169788,4.667819315434527,-2.765417958015159,3.3441106794343507,1.3165248683285422,7.454176608810678,6.712117422489636,3.1967975855846236
-141.0,6.06927143547691,4.705901239900286,-1.3633701955765867,-5.424407883728385,3.749701608645685,1.6535896419604263,5.189881201564935,12.904947618857436,4.927126969196366,3.0354947274434307,2.7586134824041526,3.0942265774605433
-140.0,-8.115754147936483,1.0231496816352021,9.138903829572046,3.5103014009236135,-8.579890043350929,5.067389898826702,3.8018718154147173,2.9505917438406586,-0.6938651457707032,0.20832699244010033,0.6199834272343252,0.7900990771459779
-139.0,-6.609888955556204,-4.749406482611979,1.8604824729446579,5.719418783666618,-4.254148382432423,-1.456244912240523,3.345018854031657,-6.003761515318487,-0.542626162086326,-3.8414699341822733,-3.568080357476094,-4.031396943308836
-138.0,-1.0415573985077504,-5.895993132877042,-4.854435734368968,3.4241744928234796,1.8951159067348953,-5.308748470665934,-0.7568548889479074,-3.0053053484193475,-0.4682705758013067,-4.880614268211657,-6.296736580619753,-9.907012263212431
-137.0,-0.6083867278560224,-7.150990923325019,-6.5426041954689165,3.907576228162859,2.9565824229911803,-6.861678201297737,-3.1748438497415563,-2.872862218641972,0.5895854924836571,-1.5294955856147565,-3.949899549980227,-7.815794253339071
-136.0,4.742335788877656,2.894395401037938,-1.8479403878397926,-3.7953105051520115,3.278125195894204,0.5042668109361816,-5.0931070621091425,-2.396575609418478,-0.15788938068095992,1.1167972545459217,-0.4505576807816354,6.1961643230464185
-135.0,-5.311624257178931,5.629842051756799,10.941466308935649,-0.13807892204577055,-8.15576402010711,8.26208804156979,3.135014616711112,1.9504730565410007,2.9606201390603872,8.147469602733812,7.179182346080843,13.68310715706839
-134.0,-7.060224210538895,-0.3638968852446318,6.696327325294292,3.6554142667053737,-6.843539865099471,3.138736899406295,5.490091007267432,4.384982141475402,3.231545666648601,4.252615857002087,5.848542561103494,7.7908747895555175
-133.0,9.362609414323249,2.9242154274838956,-6.43839398683931,-6.117833960621017,7.92148401943552,-1.707912799025999,0.20444389485589953,3.596560844145568,-3.622321663748158,-5.28215272814914,-1.1121793753416425,-3.314501501826892
-132.0,6.966314991443419,0.389052795004174,-6.5772621964393805,-3.6474553164524153,6.782966385327644,-3.044739139893853,-1.3729512204391807,-1.7229502195265947,-7.261456464546615,-5.9339028715218465,-2.1459016266526625,-8.526492129903998
-131.0,9.977217862361822,0.6541951514124327,-9.323022710949713,-5.359574653520067,9.65679723291812,-4.361918906148898,-1.2050314629334613,-2.955691348369763,2.4911264680537037,-0.6924497938936884,-2.863609498713486,-4.599848666631703
-130.0,-10.067095922439606,-8.266969339550068,1.8001265828890962,9.127166243367439,-5.926422815379547,-3.258906065173317,2.0315040403789295,-2.294690801496765,1.7212598061282816,1.1011640165092225,-1.447586602745679,-3.0235980821167074
-129.0,-4.90890323585935,-0.8851146481539862,4.023788587705072,2.9392650736851804,-4.533744553438001,1.544128686345161,-7.349035352853154,-0.09039503554642958,1.067295596945519,3.4730011004595,-0.14704789136345608,-2.908854936692311
-128.0,-3.4563591235799764,1.1639994964292395,4.620358620009302,1.1916741607140993,-4.020782572584754,2.9428138962633836,-3.8520022755617793,-0.6739643110335916,-2.2797308800510487,-4.91994379169315,-3.003245770791715,1.6708795876261076
-127.0,3.546193063904198,5.961456980590016,2.415263916686182,-4.783411479277028,0.5901347321677992,4.153730890058238,3.6776904928333582,2.8626937480027985,-2.84793169680756,1.8486171142490448,1.4417604970680395,5.606958513407877
-126.0,-3.459734548421362,5.516295140089873,8.97602968851169,-1.0534569189829617,-6.264652273124856,7.280957190003417,6.649806965696262,3.219797728154237,6.339328454690158,7.0045459278475635,6.968004206102734,10.62070424733703
-125.0,1.1717039088804617,7.768923412986581,6.59721950410661,-4.490417878025544,-2.6736351246743926,7.128864510935072,3.7002626604602553,0.5523764935311295,6.717149225633344,2.044549843114718,2.804695993856035,1.956022057255085
-124.0,3.9288338552286213,-8.868206593208521,-12.797040448436995,2.533575042887789,8.40853791599007,-10.816709304510933,-3.7925584375352073,-2.589051748404498,-3.4794121729599348,-3.6275774993204406,-2.939892089962063,-7.620954961998269
-123.0,7.770176919188969,-7.604599934872649,-15.374776854061732,-0.09312938436450757,11.544360789808248,-11.478248525570262,-5.372724821559008,-3.590164715683062,-4.101722833386966,-6.3846414385784005,-2.7589330470697586,-6.059703414899823
-122.0,-0.41677834089404353,-5.126392885146781,-4.709614544253003,2.763893528118019,2.1210537245635948,-4.905169301831963,0.20580813227106942,-0.36116335172817915,-6.195920641879481,-2.6097369730247135,-3.829549022602466,-4.8095288700020395
-121.0,-14.273350242961168,-8.881082303866986,5.392267939093815,11.569266623310957,-9.858102600192515,-1.7240568988064886,4.233328003546936,-1.5664451262533934,-2.145390803003017,-1.6082652377405218,-1.6597345559147698,-0.38434012209879054
-120.0,-2.5255626047759376,3.6752277028786953,6.2007903076542465,-0.5863715740426931,-4.311888029312375,4.891828233633466,-0.07496914989322528,2.474364011038087,2.014520286736489,4.024726271779757,-2.3569083338068535,8.978439607640322
-119.0,4.521269573740511,10.189309198817574,5.668039625076822,-7.373209440563712,-0.6039592852062272,7.97541311134962,-0.9421040553981327,9.182121045977425,4.884964298634553,2.8932239166565834,4.281504398064418,5.306609833170716
-118.0,-3.1646465206798133,3.1756692358121557,6.340315756491986,0.04765285136594333,-4.785396058361932,4.738782927892472,8.810870663531606,0.2580284596518321,12.694171269490859,6.951567461077842,2.9542451982414617,-1.5825475053020375
-117.0,5.419971390151918,11.9259723682882,6.506000978136646,-8.70541333319026,-0.49730770439172456,9.205278944364395,-5.047610611347391,-3.0853428134912995,-1.863142068341487,1.65755029761245,5.291591278208407,-1.418571787598907
-116.0,8.560213895072227,0.6416681092716097,-7.918545785800106,-4.63736836920624,8.287658627914544,-3.6466491665070278,-9.119896402816567,-9.23589452350535,-7.045272282055314,-2.864593086192652,5.139870346812798,0.017516745450270044
-115.0,5.785120704837144,-6.052235436995624,-11.837356141832512,0.17610425343636138,8.785255110111889,-8.956542136622518,-5.566829384215008,-4.5003613921751455,-9.603170174177277,-6.6278366863878535,-1.329741246165617,-4.5353362406665205
-114.0,-4.330646818874879,-12.088808405431234,-7.758161586556338,8.256783095307007,1.6923994323956055,-9.943285100473242,5.0351561131951215,5.69388319064019,-3.6424657026878773,-2.221530850177659,-2.2262419362914843,-6.317009288418434
-113.0,-15.596467073072684,-6.057236704952879,9.53923036811967,10.802595518784269,-12.586450956100727,1.7897596258610662,6.160567242311435,6.310942937528834,7.126694752121817,4.56551600969196,-2.6157577760905832,1.3611984754411963
-112.0,-4.134601088973819,7.438324047895305,11.572925136869017,-1.6681220288286775,-7.872880130043963,9.544402164159509,1.7201268217115455,0.8563730594705348,5.995683928913414,-1.80000902882706,-10.088430031364561,6.72426175224364
-111.0,3.0134211908355875,-1.4926175124745091,-4.506038703310154,-0.7706009250306645,3.815254538190832,-3.0475091730346033,5.546813585744987,1.096620765004603,-1.208994759509003,-5.401923086111094,-12.658125548678813,0.638123640037783
-110.0,11.253141494012219,2.127767285371655,-9.125374208640453,-6.698162547748895,10.159064208287328,-3.474042534445578,-1.5688784112578964,-5.985734281582525,1.676004020114584,-1.992494396839439,-6.951021977483256,-0.12734992797696743
-109.0,6.709221782445608,7.800902730089793,1.0916809476443312,-7.26404804498258,2.848958879020008,4.3888588895111065,-8.194235469671264,-8.001707691622313,-2.9410994228217904,4.505849607622805,6.795746409814514,-0.7741286796180294
-108.0,0.7545179455047557,2.2701894835875613,1.515671538082961,-1.5252127478058473,-0.42710227845645266,1.9129090246612184,-3.743133537456239,7.308326541508924,-0.6276771316192389,2.9014719210881275,12.275002766808425,-1.5919556052638808
-107.0,-9.440808370616756,-13.374985974941255,-3.934177604324511,11.469214896783686,-2.726829693753662,-8.634057475174822,0.9082629359897751,9.69273168883186,-4.93184855082538,-1.4793127521373122,22.426083875645606,-1.8307620510298597
-106.0,-10.646618091768676,-5.26677771627142,5.3798403754970305,7.935711358947848,-8.06750110087437,0.07930399310450342,7.701025691474496,0.43547795492934327,5.162244243646919,10.25285276535058,28.828749495916977,5.668890334831211
-105.0,1.0614360398340175,6.808426099605382,5.746990059771081,-3.9576445662406545,-2.315816153918389,6.225424993442908,0.8658441578014306,-7.064137371334645,1.3036145924026603,4.2665384974177805,-11.705795752041222,1.6834373945131063
-104.0,7.696538249945608,9.623562839142847,1.927024589197096,-8.604292884539607,2.9182287085089813,5.806491713038142,-2.3559914797717134,-1.7398121837584912,2.672906686900488,-3.5682941130821044,-29.87645274537789,-2.287062518961989
-103.0,1.4690679068947539,8.285941973152237,6.816874066257546,-4.900654021276537,-2.6318105654648662,7.50903479335621,-0.6639080649433284,-4.098199091820683,0.7852797826823277,-6.736801074462482,-18.97938059856138,4.381292520025722
-102.0,4.843368058216861,-7.026256748803153,-11.869624807019802,1.066607593023917,8.327547155734502,-9.406735237468293,0.018332023274977405,-2.467463886894157,-5.711306973269214,-6.549595826336151,-5.241700017724561,-2.755840633318194
-101.0,-1.342104013038247,-9.245474315246167,-7.903370302207664,5.264478944031425,3.2553924631247044,-8.529728299916506,-6.808285132637911,4.765228759968921,-2.200897654833955,0.9283620830151054,13.224918051456463,-0.061465862370796875
-100.0,-3.95200463477266,-6.141662819693563,-2.1896581849208383,5.088672732621781,-0.9085124106296081,-4.198544116477589,2.4645190984467744,6.640721532596699,1.555189460787746,-1.4086933445967247,0.7941095862159138,-10.591048463399417
-99.0,-6.219550277724813,4.111359142125864,10.330909419850538,1.0859029693783397,-8.310050505573018,7.186593546339456,4.271036625593198,-0.5524845323531338,-1.1382492777784636,-6.552283066733292,-10.017970703436871,-6.619976236859545
-98.0,2.0666444396370807,6.928124391522909,4.861479951885596,-4.55525927785327,-1.3637141277679934,5.856181816242019,2.5342541337765674,1.4093281209092985,3.9793787964989997,6.148369854315014,10.96674019882613,9.721744285738772
-97.0,11.684371814507392,0.8518246590693241,-10.832547155438235,-6.25705371138376,11.282997082113129,-4.955338341869101,-3.7526548456544933,-1.9745197952877973,-0.6168475097392192,7.215906624150316,10.242879228336303,8.86395305010764
-96.0,-4.572212402396608,-10.527281387096817,-5.955068984700215,7.554100844822685,0.7112497022591222,-8.21041864803345,1.9381047377426754,-8.717005729660354,-2.4989093264121545,1.5944623387215708,1.7677431299277266,-4.871566587763872
-95.0,-9.620503661056151,-0.5708891353995429,9.049614525656821,5.098067854078991,-9.31387123708509,4.26818871943518,4.087908950085981,-2.1622217163231836,0.5648150118766853,0.246815988293549,0.25438771061519416,-2.9524909859403854
-94.0,6.814351544629828,9.563020277074756,2.7486687324451853,-8.18299011739262,1.982078981163415,6.106801647729245,-4.290941311062799,6.961667898937225,3.0202148425054336,-0.43750926057329614,6.0804942750539706,2.539666320680066
-93.0,6.581983493106372,5.007598024636498,-1.574385468469687,-5.781135914034877,4.115888865404322,1.74937698993027,-6.884671725616614,3.7724715672796743,0.28615786065310456,1.2046251264053738,0.5395178873216446,8.462162985144008
-92.0,-0.545223407629781,4.606711180151183,5.151934587780939,-2.0063556520146357,-2.880323717353953,4.837303090669379,-0.05523779152049402,2.842746119259436,-0.3797637541843921,-0.8966075179200867,-8.706657589567913,-3.1909470397071784
-91.0,-9.539512201185778,-11.202183368637812,-1.6626711674522479,10.327456993507763,-3.9642307035500326,-6.392114442985471,4.025589299975751,-1.7561489877476597,-2.0300336062435393,-4.762051516112497,-12.070648237986838,-7.322568187916561
-90.0,-8.427961824732801,-8.888648529179646,-0.46068670444707616,8.623678691903079,-3.929770444393524,-4.710601511078524,7.092375899354144,-4.562877552465092,-0.28713776998454277,-2.8376831744009148,-5.080849575699617,2.3518050341721386
-89.0,0.6716915270077557,-1.8293845726742397,-2.501076099682166,0.6278668054996084,1.5575121486990975,-2.1996550179440666,0.00041236693535973146,-1.497243079538011,-0.24408262499084088,-0.6144504100758246,6.64203934712956,4.673990187736614
-88.0,11.080846877586646,12.61643554551106,1.5355886679244137,-11.877893857294197,4.736553500365749,7.121527587126817,-2.3070646565703563,-0.5953028389655088,2.0556950508096583,3.680145313093761,7.86575407540713,-4.381791672827626
-87.0,14.563418716950336,5.049449209266131,-9.513969507684067,-9.760402520693352,12.073672252832884,-2.1851067243605042,-7.184784268628509,1.5128905423676633,0.31221688545652904,4.619215390743996,3.398556005864548,-4.859857361269274
-86.0,-8.34171446288164,-1.7475825176806787,6.594131945201042,5.005725653280479,-7.438285003385243,2.3941296838481074,-0.5598367978142602,-0.43977990979485226,-1.670932924124171,-0.22292031411129098,-1.352862026048478,-0.4282854251617658
-85.0,-10.523661859186602,-4.284074353089241,6.239587506097372,7.436364739356331,-8.431693736635456,0.9516571834016416,5.2336099882229705,2.6879667111989,0.7398333205747952,-1.4934000802787009,-2.321942838844162,6.963360381942355
-84.0,-1.4211684125229755,-4.546403367938919,-3.125234955415995,2.9308205550248556,0.8846562347993796,-3.858920063033558,1.1779137297754891,0.14483254625267872,-3.858724359610325,-5.655625361933312,-8.431527836828764,-4.622876091740272
-83.0,8.252265989321383,-3.102682633836146,-11.354948623157512,-2.5535068495906765,9.843891247278671,-7.170994151473844,-3.1065986435560706,-2.4256312569620198,0.9757493705695068,-1.8102096253833222,-0.7829006576235811,1.6070922023953889
-82.0,10.28675706084202,3.9377967579685342,-6.34896030287346,-7.092175156900353,8.288293431937047,-1.2258911141490545,-2.810399792839089,3.4283578651849247,1.9379591829882608,1.0186239731728444,7.798885641576674,3.3521616470118927
-81.0,-4.840792180803127,2.6634852487551277,7.50427742955833,1.1111911978375941,-6.194857223481077,5.062050456172527,1.6215734919509885,-1.4143998721941689,0.2622040899419613,3.7834380238879928,6.766320851028452,2.2696844246592605
-80.0,-15.465131019339108,1.4147804963672845,16.87991151570648,6.974400667872182,-16.191537862900784,9.200247887393493,6.4458748705008295,0.047043337064503477,1.5359474004245772,5.252945101659034,1.9214909559473097,-1.862696963872214
-79.0,-13.083140770887209,5.503814334015731,18.586955104903083,3.8247226814306656,-15.855618048989648,12.013047286521164,3.1848106329787327,0.7101161521237904,2.7441917998945056,3.4790450503988986,-2.806914333521688,0.908297988131556
-78.0,7.997272099891584,-2.30588650672209,-10.303158606613561,-2.8823390668309337,9.202543129030069,-6.3452830554097375,-3.1694535512562703,-1.3892914836892847,-0.7514063920525917,-4.159873305564998,-9.89522984597877,-6.167289661700001
-77.0,12.834095162169293,-7.8335068072540786,-20.66760196942324,-2.452743609283409,16.794652096379256,-14.221867794884917,-3.719776542692684,-2.835912398469631,-4.68906324670982,-6.749829208012336,-6.248363604993505,-7.529053129658604
-76.0,13.248815196333952,-0.47326073897944676,-13.72207593531348,-6.416177675563024,13.441404108488502,-7.077811070170685,-3.530863162714312,2.5233329339375006,-0.9410240945825179,-0.21284713424946577,5.1468841776422956,5.3387534260605065
-75.0,-5.631216849007505,-4.308065790309713,1.3231510586976007,4.941082397279825,-3.52876184221118,-1.47965303685156,-1.4347927410870764,-2.276010028204248,1.3624544097227533,0.6310513199683023,8.705108808297483,8.631289670976026
-74.0,0.4048909018500435,9.10278030050998,8.697889398659678,-4.706288125002779,-4.123456855947836,8.908850704342429,2.3114949800296984,1.0371828760443738,1.1031046984188775,2.498337963206187,5.2985243113793,5.49720213566391
-73.0,-11.692175669933839,3.7188198019690955,15.410995471902696,3.951423385969565,-13.528067845122793,9.493779216749765,0.5848996525126884,1.762024453710036,-0.34440934946878743,1.9862259339576727,-3.5707705375410956,-0.2922122914753955
-72.0,-12.025346952535362,-0.6583690926170211,11.366977859918258,6.381230154984925,-11.667470860718634,5.364754477251311,5.673482954928643,4.707457860684146,0.8237747750084793,2.0388088255072203,-4.283602257046609,-5.505118679184937
-71.0,8.439609455826572,-5.5242319281240295,-13.963841383950493,-1.5000511153247,11.160247092089527,-9.727098588084312,-0.693583558595769,-1.8207371350451145,-0.2816519095197887,-2.965548533056011,-6.0467448515640045,-6.81229703162148
-70.0,17.713809411600202,-6.964478056693617,-24.67828746829355,-5.339361230911319,21.2428168450515,-15.795057292001909,-3.398381580959499,-3.7898636796815763,-5.0762421980627845,-11.76335743726125,-9.758924622557013,-11.099938440609211
-69.0,13.172407899627766,5.393886190673757,-7.778521708953873,-9.325662407848379,10.450914808085898,-1.155417966102985,-4.111728416214291,-2.6533384324494813,2.067004584231356,3.122157280609784,6.1117658450357135,-0.17773501070925457
-68.0,-13.023165500853988,1.3797737045027982,14.40293920535689,5.860281352558127,-13.734721755176759,7.858775884827562,0.3900169101840789,-0.9892620477261567,4.068096296237066,4.547419750044222,10.363634948038666,6.124042926887713
-67.0,-23.364714133823853,8.347974843021724,31.712688976845516,7.549584749765772,-27.563148581193698,20.003169885717526,5.90635067735129,1.0856914687308277,2.5348618195511143,9.2213983052112,10.84586791684461,17.123927290994104
-66.0,-5.8045917142010675,-0.9226989653693254,4.8818927488318025,3.327761562010579,-5.296693042606194,1.952371638987593,5.5342152586126145,4.559909164080595,-1.1701334960002154,3.7472450771040227,-1.2972278872485816,4.688038918740963
-65.0,-0.3404432928094785,-1.5717135416107935,-1.2312702488012697,0.9201376106288344,0.40272122664086796,-1.3555370600472616,-0.6583038494486235,1.502600344456034,-0.033736309153233,-0.3447733718976029,-2.7938562922153096,1.8846370305979074
-64.0,13.31503345277835,0.6637110987732231,-12.651322354005153,-7.026741571257009,13.00903557134429,-6.036053484837623,-9.888200198468208,0.07033965900552153,-2.9756641153961687,-5.804279924240328,-8.977589337919978,-5.801748487402875
-63.0,8.958229136876442,-5.30375084142885,-14.261979978305328,-1.7872382145157548,11.628888312955473,-9.757021990748395,-1.1832568035627675,0.956573141354128,-2.857903603979249,-4.923062173566304,-5.020222713528775,-8.564132427683813
-62.0,11.065386875627217,-9.031779589501356,-20.097166465128634,-0.9762866601517266,15.59790971349119,-14.547693154444307,-0.5951507031681391,-1.1708903865367397,-1.5535920676825437,-9.323511066418488,-5.328170162121571,-15.726969203908418
-61.0,3.113456745272055,-12.848167203228407,-15.961623948500462,4.832795989043877,9.478515245999539,-14.393514646916518,3.566998974769259,-5.003662748468962,-1.39625001807674,-4.516838053273743,0.9736871756797314,-1.915870087861097
-60.0,-10.548971646417451,19.884318271693743,30.43328991811116,-4.616760959807941,-20.4641994184417,25.16933144453141,1.7465267054626399,0.5873415966587596,11.01472708871969,14.60477410209895,13.387554932409962,14.873706006199136
-59.0,-14.746832379281825,14.08272322616246,28.82955560544419,0.31238242024528406,-21.752129331849382,21.39135138705239,2.2213023908427187,-5.896900667909858,5.869416211434551,8.674927917961345,6.207412766471398,14.386628622793488
-58.0,-4.5870521398716555,2.241358907110227,6.828411046981721,1.1602911028460228,-5.742016012891797,4.555566279184408,-0.6585056067826816,4.820172041831023,-5.726649577776049,-1.4409151540907246,-3.4185990132301605,0.07632467743634486
-57.0,2.88294373448619,-6.641257783735039,-9.524201518221375,1.8703321514400768,6.174495789582411,-8.053369816470374,0.436879704862404,1.0853964425008122,-9.610368151226453,-5.917168656409441,-8.11201521818879,-13.342797244327098
-56.0,5.700952794281148,-10.268956586533193,-15.9699093808144,2.2743477868900603,10.88547491311211,-13.15957899905079,-4.053552742901586,6.467756174746914,-3.415724631641894,-2.416476578234135,-4.656727961979003,-14.477448585713862
-55.0,5.418433416621022,-10.420897242740843,-15.839330659361735,2.486694378308104,10.59529969742109,-13.08306264407021,2.0417421577582706,0.033022217992638936,-1.7696436990866107,-5.971201652858481,-3.960599395066924,-3.87027753983745
-54.0,1.4518968526876215,8.379581354093634,6.927684501406322,-4.937248464621057,-2.7018969401809896,7.628326188012183,0.2426273069504309,-6.3803561353630585,4.018765502429258,4.309938722882334,9.331490325940191,21.057694733339034
-53.0,4.777680127239844,2.849823323581941,-1.927856803657511,-3.7630259506496517,3.2987059963209364,0.43899086491097217,0.31833210630917813,3.5727395339029355,11.027647287824802,6.995352933296534,10.565545137697306,12.177259808343882
-52.0,1.1451837896824033,6.6219338914213965,5.476750101739263,-3.8369109708101288,-2.15162017033634,6.105740064425523,-4.12361819539022,4.9335651199980015,9.203100608901702,4.515223899095032,3.8572904813285516,1.7027386860440092
-51.0,-9.258461513605736,5.232318991814971,14.490780505420771,1.9799002550656868,-11.867215736607537,9.835193934359989,-0.7298020502621432,-8.820624924491945,-5.1510566835860185,-0.5206883988126456,-6.607569165117765,-9.461308401665647
-50.0,-3.061917864894742,1.1538980265815635,4.215815891476086,0.9218237443731676,-3.632288582138509,2.651658975740995,1.3212839079908172,-8.135068580299855,-9.65955988141735,-7.65947949218449,-11.091568391021834,-9.482551994500163
-49.0,4.109282686285136,-12.403967433965231,-16.513250120250678,4.195073070370574,10.323511702062763,-14.421144816138536,1.0966012516892447,10.619181834633604,-5.007095465855763,-7.068672393050367,-5.654074546115638,-11.020232264123585
-48.0,-4.41807367305606,-15.938814232375636,-11.520740559319886,10.146965675177645,3.5743417083476183,-13.77826503071995,5.941669963354823,4.900225005015553,-5.217396116352038,-4.8136301747805526,0.27548841088287546,6.0328293357141725
-47.0,-18.4551101621879,-0.375179221866464,18.079930940321212,9.380729368045227,-18.31048593276176,8.878455670054514,7.6659928171118095,-10.41094880601177,2.7204958174423908,4.724301167275241,5.9839326260050125,12.196654355460723
-46.0,7.4786294542500595,11.417390882625227,3.938761428375121,-9.40853347748298,1.8166335467573318,7.70443484272256,-7.747463151310804,-3.745376513525148,3.368043988315355,3.8473084228313326,3.6985703859241785,4.465715744277001
-45.0,20.20704247688855,15.720859419312982,-4.486183057575422,-18.008194566374144,12.320195845925243,5.648650862924413,-10.008181245766508,2.1705258057884027,4.457931053199071,4.6580321798310145,2.6028379460804665,-6.191582250712968
-44.0,7.907706404671074,12.220295918307379,4.312589513636529,-10.032237253955376,1.7697187492934923,8.227531820399893,-1.49026298224027,9.630467484145008,13.890966937205492,13.458722124105785,8.725109232659428,-0.810614032939344
-43.0,6.111685933993122,-4.626592560866741,-10.738278494859683,-0.7094262581242163,8.389217254653376,-7.711238128316739,2.0501952822438416,14.830712128760409,1.9727985704965345,0.6232055362227107,0.8265319391491992,-0.8632071023316723
-42.0,0.7348720316073363,-14.57864539159528,-15.313517423202512,6.882246579944103,8.055474940094625,-14.965388743202235,-1.8838156892367133,-3.1670375233269237,-18.426362462664823,-15.339783919172673,-12.499256444770628,-6.765499399557011
-41.0,-11.102471079915084,-14.530868440705294,-3.428397360790247,12.86522827189814,-3.8173749361389886,-8.913150962782765,6.473012663238421,-14.14523919944778,-8.85821187282652,-9.518277234807858,-8.033075713095105,-0.11509428047578663
-40.0,-25.79856812812766,2.9077744124427873,28.7063425405703,11.42551799443746,-27.240808493477005,15.798141035752876,5.206259837118434,-10.525904036958352,7.786887876782052,3.8734812982280524,2.6477005434697314,6.21146994564245
-39.0,-12.461411219643544,-6.702695584566677,5.758715635076683,9.570175612975586,-9.100964214636358,-0.48178215445655237,4.7209527764538475,-3.151500018408469,2.0992896204902096,-1.9659135815645659,0.7342270434003089,-3.2371583761185256
-38.0,5.504286351689584,9.015234131273878,3.5109477795842086,-7.268624658346195,1.008349408922986,6.248445401725196,-1.1935048373676556,1.6710353019376374,-1.2620362961032638,2.0253823642272333,4.065759915002111,3.4607106962893464
-37.0,11.880375091411388,16.984751029345546,5.104375937934148,-14.444673030203312,3.4052515368445273,11.022184504574012,-3.5817183070738556,6.328422475209498,2.3752787518958556,6.617504993447837,6.605135714118703,10.10203699385762
-36.0,17.552724110884892,-1.2701698451388044,-18.822893956023506,-8.16237580528438,18.13207809365336,-9.998944359178518,-9.412634261114862,13.389730662100304,4.420711873890423,4.8898733329834885,1.2250352150495067,-5.481306061088932
-35.0,17.30752768504715,-1.8471116478479082,-19.15463933289476,-7.685249126866763,18.17918438328118,-10.539713241128043,-4.517942292923289,6.2474691417677946,-0.8892726464997947,-2.67126330020851,-10.173344393090966,-6.565710005741297
-34.0,-4.352212037606506,-4.4513852699347,-0.09917323232788178,4.433188237322346,-2.098392272558719,-2.240040170566192,2.152939272951437,-10.791591854982844,-0.7584818858217305,-0.8469446530434633,2.3843825379071846,-0.6149028925328315
-33.0,-10.89906780512344,-11.059510337200724,-0.16044253207723413,10.920248879077997,-5.3416083005496935,-5.654111702626942,2.051128284136756,-7.402751120330429,-3.1185299577419587,-1.6356507852142477,0.5995656263593859,-0.12320779143905414
-32.0,-7.241346508887677,-3.7508742760760994,3.4904722328113067,5.508085497477167,-5.338760599806927,-0.09234626398923473,3.099225894840924,-0.06412793120210303,-2.3112089666888602,-4.5117644955156955,-4.090410760105897,-2.2752669675982657
-31.0,-10.523599810531222,1.7921970147479906,12.315796825278714,4.374870014148045,-11.391873432362573,7.097510665796027,12.95540113842173,3.5130887675629623,0.8802690765343493,1.5931683111251647,4.7760657370997315,4.5214450990249935
-30.0,5.57961235088905,23.356500278380384,17.776887927490908,-14.45697712223927,-6.146976849552898,20.537266785038288,-1.6999888499678368,1.585159532433735,4.190663246479287,5.546304271053301,6.806650624027981,7.585450413637292
-29.0,0.6610875697468095,14.577742325516809,13.916654755770015,-7.603012156836387,-6.671554877713143,14.221502110777354,-7.927092551592104,0.17509915060703496,4.368839521360164,3.095091632324416,1.5089170314809763,3.222609762112418
-28.0,-4.620377129867499,-19.067648975962356,-14.447271846094324,11.788357501436604,4.954766317454219,-16.782722736335277,-4.161786978851261,-2.5593049047624152,-5.352848659826252,-7.983673826472234,-8.142099160186557,-10.451105177969602
-27.0,2.4702206698758955,-22.81716599959455,-25.28738666946966,10.202393917763297,13.849150290711691,-24.080058334953932,-1.3883672740999864,-4.956714554312474,-5.535141809948596,-8.406557612910017,-9.765634391096544,-12.337686727386581
-26.0,-0.598512454374843,-7.144295097655524,-6.5457826432800506,3.9034702590598402,3.0313395043464446,-6.797872880805372,0.8153308154769887,-1.439672008391221,-6.242953670443406,-3.709026442927456,-2.345421751580354,0.9709822591662576
-25.0,4.582520819091972,14.340448158183886,9.757927339092133,-9.508594997670874,-2.6004204798639687,12.093344883040697,1.2330874530957192,1.9147439285911085,1.3980161859264761,6.773886526026987,6.613910401926649,5.67655130839421
-24.0,6.076195584080599,16.05966621638744,9.983470632306563,-11.039933676191856,-1.9599117467827791,12.986161144552533,3.522593718263402,8.487591702313189,11.179034119006284,14.074976803543615,6.935130458951954,7.880872785765484
-23.0,5.8413493905220895,-0.09615737506305955,-5.937506765585617,-2.9285763179516344,5.885986975650724,-2.9719986352344705,-2.217764063266341,7.127946823527857,6.862850515551355,9.530243570203186,9.878897203678388,8.081662642343462
-22.0,3.9897886517542176,-7.235683476337337,-11.225472128091907,1.6414086360809614,7.602180178944852,-9.26174179583223,1.8260000751918815,3.19157275194873,4.900396977593916,-1.5459566584905557,1.0706889652304965,1.4523727086843858
-21.0,-8.436231083720779,-3.979134315841606,4.457096767879115,6.225300800379613,-6.459162037960116,0.2103530138506836,2.669744761731412,-9.3752492851745,-7.3027237481297655,-17.35536102725778,-15.597655635377869,-9.142462691040182
-20.0,-14.754210467966146,-1.9816842917080546,12.772526176258161,8.389756314331455,-13.786912347832171,5.368022918805879,-2.3588407953741966,-14.184346379628753,-7.645476063600287,-11.2387842887303,-3.3175855215378816,-6.656840231330644
-19.0,-8.36638221482171,-0.3255510812419784,8.040831133579706,4.376836177882888,-8.161418355597704,3.9086708678431914,-0.821467340543925,-2.9676193054543676,-2.908025065710115,3.090725231071696,5.150378090804391,0.7231497031383567
-18.0,9.702129162611445,1.1856010666763457,-8.516528095935229,-5.4798015576416415,9.138944574256017,-3.6945752917569314,-1.1274787300875826,20.46564779250852,-4.711414223235261,4.021090625856109,-1.8635070372018887,-2.122902387150048
-17.0,12.632757051877613,13.165968448554445,0.5332113966766903,-12.923631565968888,5.990653702414214,6.897458056532342,-2.826021572262829,-3.0184821800933275,0.24877475214352285,9.19079466408287,4.839080720418461,9.049701737384776
-16.0,0.6247163056778664,-1.102476688596822,-1.7271929942747128,0.2227400972311333,1.1895652564357873,-1.447476149905539,0.6081386519475294,-7.800192856508912,8.02624616882789,4.9972528903951705,-1.4249843222488523,-4.089045917902625
-15.0,-5.999100841902289,-5.28969465246714,0.7094061894353785,5.709259121602259,-3.342320584391403,-2.24591085497991,3.9697480358339243,1.0175902819923297,8.932741333546062,1.5158042341339275,1.3968171813962897,-1.49189436892703
-14.0,-3.479275658012356,-3.388019402717799,0.0912562552947529,3.4154004414985053,-1.7712984676990253,-1.6853410013093555,2.412877214755578,-0.46965945707260737,-3.024550014509895,-6.9357471931809895,-1.7478499857479997,-0.7412373282677855
-13.0,11.618222024997811,-2.6413166655043,-14.259538690501927,-4.5165222282299595,12.957180744618256,-8.490744843650962,-3.848517934823094,-1.5059185534901227,-10.054103009214064,-12.291541226545782,-9.19232481008325,-2.834499737173842
-12.0,-5.3428228449086275,-1.6299908550365811,3.71283198987211,3.4459225076983246,-4.58337119342109,1.0757093493715812,0.7164067580323983,2.9024669276566217,3.4897588979177505,0.9995937354256377,7.594251154006277,8.149734706137236
-11.0,-2.13020198122461,-4.557295901539746,-2.427093920315344,3.3709348486894606,0.17569133537427195,-3.462156341105609,1.18506731122832,1.2191207824132788,0.2152478576988469,1.0617602567374171,-2.442978507032577,-4.825425857988823
-10.0,-3.328276487069457,1.7203170766891287,5.048593563758273,0.8252241845122736,-4.237472541631041,3.3323802887036886,2.345101054691671,10.807985933118834,5.62117173655972,6.924041536092695,0.6546646336846859,3.2169506802208674
-9.0,1.4507387340097027,17.901236152265998,16.45049741825614,-9.653221582763445,-7.469184412685095,17.20098482327955,-7.784582814588331,-0.3922402676676291,-5.124805646995664,7.876293557054578,13.008531321784142,9.480485946716351
-8.0,-6.236580030456631,2.7348463209862395,8.97142635144294,1.7825266986245838,-7.573263413228474,5.879002659528215,-3.607003502423688,-14.483065508338655,-9.334235035852318,-0.9898701382545259,4.551398114210439,2.4816103117309147
-7.0,0.6601362642766531,-22.82938971328487,-23.489525977561343,11.051273466949452,12.105229994295362,-23.209413219539204,4.7477528296908496,4.8732138513035395,9.41373315934402,-4.114248377657253,-12.365273194752039,-18.882971875299596
-6.0,9.032387818750394,-6.972656942984814,-16.005044761735007,-1.0486652969682098,12.469953057407109,-11.455692368301085,7.353733939652416,9.267181393818909,18.08153362361005,1.88228567298041,-9.14534232531694,-9.68883629711306
-5.0,3.8924048441482015,9.288776417230839,5.396371573082806,-6.59805822905833,-0.8010795795023364,7.380405947919581,1.9004965370320126,-9.88529529834602,-0.8978499974220906,-1.1335574201506753,-1.098043495748171,2.679154113438294
-4.0,-4.278418994602449,12.26175730464098,16.540176299243402,-3.9936954939464666,-10.379748359104672,14.363968616851903,-1.5132211181980602,-13.727543487155355,-20.840712360569363,-4.773347377824956,3.3337772762640947,12.941808581293582
-3.0,-3.0387574631194836,18.22625490145682,21.26501236457598,-7.59677840374448,-12.122097404151221,19.71131887028255,-6.213490791378425,-4.901049657715896,-11.989989304530194,-0.20879073114068403,11.898019360012487,17.250896493355846
-2.0,0.2575745883771652,-1.889364916716521,-2.1469395050942186,0.806897399900625,1.232472036201977,-2.0506099663836688,-6.558262739679603,6.341524834810133,-6.700774454967716,-4.28131337372751,-2.4352156302764882,-2.685178026343592
-1.0,-0.320317328133394,-6.270679968212169,-5.950362640079348,3.278279757062176,2.7665441471674765,-6.062078655451646,-0.8863024157616155,7.126551242942615,7.936941481255575,0.468105091675604,1.4096459351746216,-2.7986347111038854
0.0,14.542349889727898,-14.811840358096521,-29.354190247824786,0.18856450890129972,21.977458784806196,-22.030981584272446,2.817369250033571,21.945228030198933,28.17095181055196,7.745794182470355,0.2149011697741734,-11.981244673929558
1.0,7.442586351089474,-32.297306143382585,-39.739892494471974,12.475720561338724,23.538947318265773,-36.03988877752428,3.2254513562940823,11.410380385057602,2.511503906396909,-6.5827182502963915,-16.32338528276346,-20.013239865367552
2.0,-27.1320221616071,-13.810437982492386,13.321584179115302,20.43790031243808,-20.204538787096798,-0.25917293892473126,20.13354798499902,-7.418772466531706,-1.510668543839674,0.14004216593469887,-6.801682649784102,-4.269586872914171
3.0,-16.385381037831475,20.9512526889204,37.33663372675256,-2.3175368954855955,-26.843381015750527,29.13527798642314,-0.8011609623834124,-22.52576911547267,-7.443736647978041,-1.1017302919802021,-2.402816981817967,8.264987262661597
4.0,-0.8001752850439834,35.871183576496946,36.671358861541535,-17.57075843847568,-18.721580145015842,36.26642479941105,-10.087564793941604,-15.557006097480864,-11.03819384955742,10.748489516724371,16.19815425503806,22.683115688069886
5.0,14.489900799537711,26.37818802243627,11.888287222899102,-20.390999807507182,1.2358298184519736,19.128552576355457,-16.11190697708584,-11.105381896114432,-12.25178210325009,4.874898793649839,16.075553180589807,10.032260766937924
6.0,20.401949891363635,2.195234909959199,-18.206714981404218,-11.3340785327448,19.322170881192164,-8.014571187870375,-8.740393728466461,18.71287811459542,13.737860126317507,9.150327390406968,15.782507189852673,2.020257968204141
7.0,7.913528254270153,-16.929936400340296,-24.8434646546103,4.553296922377144,16.405361115871795,-20.82510320096945,4.189069839576477,16.21742317424131,10.91852922661129,1.3389647401771354,7.272930539739447,5.028534574870843
8.0,4.562386326877555,-23.536675394408093,-28.09906172128604,9.457578012410611,16.370601045246815,-25.846719564406914,6.157975915348469,18.19322329858111,8.927482127020907,-4.822680857607552,-12.92333235711007,-14.295949759843658
9.0,-24.144862838635987,-27.513815258845366,-3.368952420210441,25.884583228348482,-10.412336617972871,-15.483957414604557,16.788786798678263,-0.683504213810382,-2.426838608326654,-17.611609346258984,-32.61761851501275,-21.323236053396183
10.0,-22.998644532968676,-24.644565441811643,-1.64592090884417,23.804695656862883,-10.688260138077954,-13.12301315717909,19.0864827200769,-17.767912252939187,-20.76914237913229,-28.67972637016993,-37.532975813525326,-23.313176769327963
11.0,2.2936140123161533,23.97952932066056,21.685915308343752,-13.148537379100661,-9.700971961746575,22.84280741251257,-6.984209526237313,-31.72960934219713,-26.107236540761495,-17.754379519390138,-7.472439421466195,6.097956922559753
12.0,21.694462602153813,35.90946340272032,14.215000800566424,-28.81275833322096,3.734438609569457,25.06382819836106,-21.0738466259458,-10.094434585096135,-7.601437213683605,-3.0666886031700136,7.778432409663597,11.59749634874376
13.0,25.54475357910312,27.59371436101195,2.0489607819095603,-26.58381022621718,11.734472378899364,14.819334148763227,-20.91615166642402,12.175099285382949,17.147303657954172,26.06959084499276,36.17617695585177,23.356620163815066
14.0,-18.46260266075331,6.423177675630509,24.88578033638482,5.996673820508478,-21.701422756652324,15.654062305782869,-0.04392519944827633,10.833149168511035,19.223807564444712,40.74785398108623,48.9970493028183,33.77978885674419
15.0,-5.711569407918152,-9.754827403072117,-4.043257995153165,7.777397514066735,-0.7987121667178618,-6.893397831289828,4.8360573202307435,39.11917308947994,45.30608835602454,54.30196657403334,37.89162777946969,6.530438296592035
16.0,-4.223685679541332,-39.12223287156338,-34.89854719202155,21.705007409199794,15.358191374326825,-36.995752045825355,14.302779343943245,36.00635398048389,24.60978048675127,10.332699837765226,-14.551140987238192,-28.679616734781057
17.0,-15.620352769060181,-31.125090211049663,-15.504737441989406,23.315671603532977,-0.04760820070772187,-23.36911958317771,17.11783256628781,-19.125558214412784,-27.586251959425603,-38.10393385427774,-44.65948914131124,-27.77454795372533
18.0,1.0162614398507577,7.345828874576348,6.329567434725311,-4.166013159656213,-2.65178610644624,6.870997268404203,1.1375792947138876,-44.84120733714395,-43.97333862284836,-44.10682238889945,-34.69998397995754,-14.106171748213324
19.0,15.094902666125229,24.340252837206823,9.245350171081055,-19.704546685329078,2.929076844732461,16.831993059795646,-2.4032302520827797,-33.581745124958175,-23.735817390694258,-36.51331112095989,-29.038634819624093,-7.910605553348255
20.0,22.18316786528834,15.744665508461672,-6.438502356827027,-18.948219417630277,14.239205538312458,4.615527836149429,-12.391313283188325,-5.718609846309942,-4.774197476280126,-19.21381778191207,-10.076714583309098,4.158810862936437
21.0,10.45020948058156,10.796489057742857,0.34627957716130453,-10.679984076609879,5.063787835640626,5.531859733880227,-14.636061860276964,7.449009142905405,-3.008685485327868,1.3219700500886213,19.3185405059772,22.019186279672233
22.0,-19.499928045434885,0.6833055669321215,20.183233612367165,9.43897012588351,-19.82432844748294,10.467480514992701,-0.7465486003750197,21.8868961520569,14.943544659089444,31.258580014601755,38.24558904751747,29.915614092422835
23.0,-21.946128493474973,-8.841839813195813,13.104288680279272,15.433272589364517,-17.502620365478567,2.1591145439438097,6.601883241796906,26.048825072055905,25.692764379631164,44.136570082038034,32.50719220364145,9.050189844136295
24.0,-13.310272337297253,-15.11082601270328,-1.800553675405974,14.177721986497769,-5.727777824056448,-8.512146479833493,11.903257973684683,12.548420344643972,16.096077051823563,22.015387518607177,10.598541297274693,-11.746544753829195
25.0,13.033686244060753,-11.344886822698683,-24.378573066759248,-0.8742596683554726,18.65731085618286,-17.842636770033682,0.4970603215785063,-6.194894201013321,-4.867082271705868,-12.281102890104926,-24.078546421623237,-24.711052485547917
26.0,-5.1488911893913905,-6.956146028981079,-1.807254839589545,6.099896980961679,-1.640324244243505,-4.362680444044733,4.463287767661025,-19.937648151927423,-13.608745968167412,-23.55569619434925,-26.870798068095375,-12.607612074372136
27.0,-7.167508943815255,9.659384884728087,16.826893828543355,-1.2829613196540621,-12.047258830962718,13.264683911117995,1.6271012007771315,-6.503519956520051,8.964727000606961,-4.401004164574569,-5.123399341684081,4.6076205122040435
28.0,6.511824336810932,19.114478160205614,12.602653823394423,-12.77972361853615,-3.0201015790627292,15.883590693133364,-5.052012041764878,5.8718118866244975,13.47198531554103,6.962077969949272,8.018256447886895,11.378908675401114
29.0,41.3384297572918,20.361935686136146,-20.976494071156033,-30.904114317133367,31.179415134152144,-0.35863971536665495,-16.868772847276517,5.35606018642581,-6.795584470710177,-3.291077887687641,-0.780554953399851,2.8243696375186813
30.0,26.873118088518744,0.42151716235255243,-26.451600926166428,-13.62882570951986,26.604194301902066,-13.066671699857388,-10.173912152111255,-5.713218862538029,-24.174676328515424,-16.287797004868178,-4.43710302915207,-2.589106369016843
31.0,-8.61143076701102,-28.391058216766222,-19.779627449755,18.517766479658647,5.60696095093026,-24.061335452640037,6.023795908955893,-3.760035496026704,-21.61529174267999,-5.452241284209505,-1.3380511972864442,-5.668169402998801
32.0,-40.126333131629295,-30.508819750247316,9.617513381382313,35.33729864351728,-24.842526253771464,-10.426425225272508,17.6329800438717,-6.535370534492574,-3.0598533488241078,4.012063615783627,8.246179428614752,0.9324707401191965
33.0,-37.61725735949517,4.28005254033722,41.89730989983265,16.69587406998524,-39.71799778471969,23.10339857163423,14.787444417765105,-4.989486583224373,19.264142710729395,13.040195169154057,14.164740956186803,6.7676589241655645
34.0,4.815804025222196,23.814522428483237,18.998718403261204,-14.35694899471474,-7.119993573758304,21.418877868970284,-1.8578677942050188,9.262074724815005,20.638499489603955,5.308644431701477,-0.1412860037114969,1.5229298819087091
35.0,26.34631667929949,18.74136293688731,-7.604953742412144,-22.576551700341113,16.956111215324555,5.5810081215825385,-17.32257029101704,17.25228477651027,11.078942890322065,-1.2427757436022553,-11.368379413495646,-7.389475501937204
36.0,17.355680747796402,4.068353154653234,-13.28732759314329,-10.659794175037849,15.306652477273303,-4.671920512154448,-8.87858642344904,-0.5730890012532086,-10.398652901231205,-6.005768976708618,-14.217439904970494,-1.1246383547121805
37.0,-16.83989382197282,-1.7221949518309052,15.117698870141643,9.256847042879182,-15.994217952478252,6.719762687372304,5.29598742866047,-12.912832722197553,-6.593719955679811,3.668676847032283,6.5988909642939735,14.457071328045723
38.0,-3.968726344794966,-9.78095952144597,-5.812233176651299,6.8497489345017,0.9014509079672184,-7.767865628411956,1.8159838506307597,8.183748286520025,-2.1613458794789517,5.787688429793449,13.38408675253106,5.821810052029843
39.0,-11.972874058286676,-8.592763763025989,3.380110295260529,10.255504453168335,-7.624979859606698,-2.6498299170199413,8.917088859477104,-4.721017848533764,0.3279552096315612,4.105135175807019,11.31018217543865,-4.0177695054354805
40.0,2.9430370037169915,-12.966843912327661,-15.909880916044624,5.062126532095193,9.47154370114539,-14.397937900441612,3.040835736312779,-2.373793146623659,-1.2644572458846337,-7.3448235341940045,-5.053240615287665,-11.754844844916693
41.0,28.167882100664954,-7.0952256921898655,-35.26310779285462,-10.484625683468009,31.677800880149118,-21.214582881650774,-9.169642531244957,-1.277336392509104,-3.1232099327175473,-11.559083327238145,-14.31277706937887,-11.288979626048476
42.0,16.342072215889413,8.653949050780406,-7.688123165108809,-12.520655378553187,11.976505111106047,0.5262642647965423,-6.143951437685101,-0.5105047131061371,0.9231997560243843,-2.219774880174281,-8.409245507119335,-2.9655492835708657
43.0,-14.126044454402642,6.966603994874276,21.092648449277064,3.5630956483420704,-17.56733019545194,13.991150369023766,5.163872930690849,3.373445440460298,1.1648032766902696,7.360773040329061,0.9301480521265857,6.5421853859781836
44.0,-26.54088833072884,5.889239092389896,32.43012742311874,10.314672497158465,-29.51875016915151,19.1941169573236,9.556443928269086,4.492027018069308,10.513282115085326,12.397896934608537,9.896306121440059,16.708038330735967
45.0,9.8074387156983,9.757318166707185,-0.05012054899118823,-9.79059536428239,4.977944820659996,4.801594269930558,-6.131849317363024,-3.190807270099894,-8.7283083397095,-6.559146107840029,-3.7677724152884355,-2.4775155235637296
46.0,13.686169334791513,6.810553075616372,-6.875616259175267,-10.257151734231602,10.253720136919036,-0.013932439549413367,-9.918680901264484,-5.401454299715975,-8.495233296457068,-11.28791107826295,-4.377420378371101,-10.531914900848903
47.0,-2.7085550179487163,1.763560356543305,4.472115374491937,0.459963770359349,-3.617309415216107,3.1293731272226455,2.1279391419797493,-0.8644409279596375,4.644404313857477,1.0427202092668106,7.898888415088814,-1.2723349802116242
48.0,-5.762484911986966,-3.818592772868228,1.9438921391188402,4.851205843438665,-3.803635471423663,-0.9305636535281203,4.729526833735665,-0.20954585899191946,7.327688108522124,7.139023214310039,7.259643667854423,9.583290703809492
49.0,-20.593629412334344,-20.755342201040097,-0.16171278870552364,20.650805797173877,-10.24911966137013,-10.45363252814876,4.210188940166127,0.5420394007851077,2.388363698737515,6.338039422137715,3.385772779893174,10.352886913192819
50.0,3.571617179008533,-7.069534339673403,-10.641151518681674,1.7211548332803757,7.068921163263596,-8.849727975910039,-3.8632014802179584,2.981399313571636,-4.7676522642669825,-2.601502325543474,-7.293245006308117,-6.675543138301256
51.0,13.36176405931659,-2.3560357147391513,-15.71779977405555,-5.453697051803406,14.578095241388908,-9.02874637504767,1.7879468860530054,14.890389288295022,-8.797121080052772,-6.356060488302616,-7.744003037196929,-12.591077813463341
52.0,2.367766373456334,5.214196326567336,2.8464299531110484,-3.8199219526475456,-0.20138860263077696,3.963285560622608,-0.29577692322654137,-4.4917510789414195,3.0526393595501187,0.5560533671879626,1.9630216774118203,-2.4308502146263784
53.0,3.291840711523852,-8.82245545471245,-12.114296166236468,2.7387701361559884,7.66480237507491,-10.452636247914546,0.5494585396521914,-7.324498787741025,5.8043134129207985,1.6068047370623635,-5.851129760144644,-5.955370428303338
54.0,-2.566328931203805,8.056692205119818,10.62302113632342,-2.690018935759677,-6.549587591944925,9.359907753742366,3.0297146585832864,-10.949955147152275,1.8614268145640815,-2.8319480064525666,5.2681296795862025,7.1926055497578325
55.0,-3.6731349005243668,28.131489814079277,31.8046247146034,-12.250774434942068,-17.767541883957534,29.99260748532585,1.572949214407966,1.4059850853210065,4.4334805971642925,6.081537599866913,12.54900499625621,14.095740032892275
56.0,-5.435910555068826,7.961749275384246,13.397659830452909,-1.2849479646675848,-9.441829719290647,10.70856665780917,-4.674245524680689,0.8528760594729766,-0.8213099749782882,2.1907454066997842,-1.8166087190736073,3.6113142766408526
57.0,2.6199548604980896,-16.414539740235163,-19.034494600733346,6.950141999190227,10.803219915128736,-17.770956356121673,-2.391168867420616,10.682272689475964,-6.010836832015763,-2.93358501316951,-10.37981352150431,-0.4527887167729854
58.0,18.37525344716245,-7.356343868455728,-25.73159731561816,-5.542846175923796,22.106359879605897,-16.588471753944848,-6.866528438884131,8.185736377601469,-7.600561511447428,-3.2384514723375437,-4.360869392120319,-9.145925278721624
59.0,-6.718243439711927,-11.558761834950039,-4.840518395237961,9.09490945287352,-0.9688360858461387,-8.165170342002973,2.287105934219324,-11.58180728850208,-7.449230960498857,-7.112723209232859,-1.2157243937602948,-10.278057998959813
60.0,-20.635435891324178,-3.500070619677466,17.135365271646897,12.09191925503127,-18.842303234663113,6.851013059877095,4.872260826445238,-11.463084372420049,2.960005979819564,-0.07847142587841915,4.090011913387266,-1.3732623516658808
61.0,2.3372027163915376,11.700523557533483,9.36332084114206,-7.004035058606318,-3.555200247703236,10.48492126598226,0.8679018811982253,0.08421237070562171,11.961281472357513,7.218129115627735,8.194300533535092,5.547940801549069
62.0,30.10198482937458,14.737226978049984,-15.364757851324562,-22.410295558459346,22.76308821164872,-0.2832376553664995,-2.568106251309169,14.229477344304485,12.567895078141307,6.266010737177918,2.1878972172612405,2.5943990455906176
63.0,12.504431455569755,1.200620747976128,-11.303810707593625,-6.843775730303834,11.926751483034096,-5.0211339834831445,-0.8777948164515975,19.332280416134434,5.015321833769953,4.32854345405813,1.8662534081988857,3.409249518427242
64.0,-37.900286637854904,-19.428907738392077,18.471378899462852,28.677492130572297,-28.24891038231278,-0.5254299995086125,10.403024676730862,-10.971218937414578,-12.310524920418516,-4.726159712888805,-5.438913834608551,3.446228522521314
65.0,-16.136156104405917,-0.5330794593724741,15.603076645033495,8.276135696580027,-15.860021432581323,7.491984575341817,6.549442770724844,-13.115105213706169,-4.843074479815967,2.2737622838257616,0.9523283701647105,9.881297331883564
66.0,4.298351048213243,-4.853411462935892,-9.151762511149078,0.3062602094361404,6.730715682179683,-6.961070527875629,-2.763959740684328,-9.711403704170893,-6.859572109677529,-7.747579163578927,-3.4219215313143416,-7.948552342427439
67.0,10.676411627164647,-0.4794532354961871,-11.155864862660867,-5.06231606284443,10.9214800392432,-5.768563445098117,-10.341544134528453,-2.8038753225823747,-6.798909598770907,-8.591664298632228,-12.74668759731036,-15.335339470837052
68.0,4.115230499828247,9.17072272730425,5.055492227475898,-6.680662072956363,-0.46036152382431794,7.0918707324815635,-11.944070408522704,-0.1050670612885215,0.2689862580787534,-3.6009495406345566,1.238962489495898,-7.762947047185442
69.0,2.213318394626448,8.348369561491278,6.13505116686474,-5.316664667690489,-1.9417184439653168,7.228216654050874,-2.5511206843686116,6.426813992922138,12.232420232822863,8.071790259419156,6.9463869015712785,11.003205252870211
70.0,20.89597829185528,10.65563185313184,-10.240346438723433,-15.733492810203693,15.521880815828705,0.19959822201271793,4.032068965205272,15.209094993135096,4.939269215706037,7.127545534546385,9.046013179150922,11.206699350328083
71.0,12.115709505297746,-1.0681394303914526,-13.183848935689056,-5.56205034276815,12.697376932602063,-7.13201772266326,4.210004794187858,17.81140092237809,1.2671279739698207,-0.23675640286366573,-0.6637411799634485,-0.2820442446274809
72.0,-33.04603944318103,-14.878106720361828,18.167932722819398,24.000842541545016,-25.62402258218847,1.6372171149465062,13.789138900242191,-13.167092497428563,-3.1339946455260814,3.3868981344436753,2.7463940406341374,1.392624843560215
73.0,-16.38424564259109,-20.30192281887718,-3.9176771762859808,18.380944165931727,-6.240081494411369,-12.12228387444147,8.614670262953755,-11.977301784864451,-3.9300228303061706,-0.8467323993145432,-1.9250029035549237,-8.435192265296436
74.0,8.282061649382399,3.2977060437713615,-4.984355605611077,-5.831133720851586,6.630566026925941,-0.783928330534784,-7.355312858964593,-4.049965852592301,0.2837852333190156,-3.124955825543747,-2.2677897132005502,-5.51269792111549
75.0,4.646533390535118,4.137436914126007,-0.5090964764092261,-4.355251033024477,2.5722439846757004,1.7868732705165895,-4.928703410801479,-4.810861798727032,1.518023339448754,-4.945755941123675,-4.998997392560244,0.3344968045804717
76.0,-4.590491235886716,7.558770846036873,12.149262081923421,-1.5282854300486806,-8.38500200230462,9.897174499586624,-5.05713121921134,-2.9130384114473675,3.2050639809863286,4.771881423674682,0.4360518773507436,8.443414881421873
77.0,5.771461094672819,21.66327661223999,15.891815517567164,-13.76523495383463,-5.010948610465244,18.733861813843507,-5.038683166324167,-4.846311853246408,-1.2022698408597767,3.154355131459657,1.906442699682895,4.171319259967406
78.0,-0.43172770862064525,-2.331032677497932,-1.899304968877181,1.4077431060902867,0.6877106894027747,-2.16601097289272,-4.787804133096673,2.7960478535937088,-9.97515787053346,-6.136454119339303,-6.566348374014454,-5.666178742958866
79.0,10.044572359144679,-5.159121425192341,-15.203693784336856,-2.4202681926375647,12.641083045183167,-10.158617772657845,1.677496767572681,35.81344633382612,7.757556500308037,-4.495534817388196,-1.990805915295158,-2.0340000667659766
80.0,18.46713016055775,-6.12926685826068,-24.596397018818323,-6.148579898610903,21.53653821851937,-15.341891633850627,2.451816103285694,9.880510599913189,-8.500800877520387,-5.057004876348842,0.8082071624378064,-4.593540483619442
81.0,-20.37558479111318,-6.77693657994544,13.598648211167777,13.596499516180408,-16.98905460971227,3.4339380162270414,12.445951331273825,-29.368386970863675,7.716777040476818,12.955287820226348,18.59500265333398,7.662210103546683
82.0,-9.765272457035412,-10.173374681968166,-0.40810222493276527,9.99051344949116,-4.6810045493395975,-5.261885659178381,3.299081636624745,-17.10944284969442,3.342285835568508,2.5461882764737904,1.9565099855116808,-0.14397539412885574
83.0,-7.402110606430881,-3.9930441828977403,3.4090664235330337,5.64062409961843,-5.402749951404032,-0.334020899654335,-1.9083100148459922,1.8307762385249546,-1.2661967271402697,-2.2614068290318974,-14.499368429503846,-3.4570358955428846
84.0,8.33589910038697,14.29297801121652,5.957078910829403,-11.371989689725304,1.2016609922774997,10.09076407463153,-5.164837442620144,10.02754101504967,1.8125332389607556,1.3816176294770222,-1.5698133581622198,5.736292959610585
85.0,14.567520180789012,11.9336712433721,-2.633848937417044,-13.230794034271115,8.624275336258806,4.700037475823754,-1.1252721366477392,8.532701507344992,-0.1735493774552036,2.932724811071194,6.779053845679181,2.56502634835893
86.0,5.75158354557867,4.183852773600931,-1.5677307719777736,-4.948575495565393,3.6155586452544117,1.2817855856778158,-5.726902068622618,0.9490527284997627,-2.4729667247061933,-1.5597675206897743,0.4202719408750072,0.7484595493249185
87.0,-13.862800822076382,-4.793085496636702,9.069715325439795,9.348871702870664,-11.501088389776516,2.111102137389369,3.1725230470863726,-5.559788241533335,-1.787855692386386,-6.427379354555997,-3.154589556429601,-5.8240896227907655
88.0,-14.240798165316697,-10.707746195607545,3.533051969709377,12.500108957969886,-8.835963295104822,-3.5389824603186555,-0.0608869872397696,-4.132189418295344,2.9941505467118303,-3.3394953280903175,-3.216432855883815,-8.16611400617885
89.0,-3.294257606570868,-8.201497206457685,-4.907239599886626,5.780720095119065,0.7840484639281505,-6.588527441189791,-4.929716800780831,-7.209124397756542,-8.94955461692,-6.239448390953171,-7.426332204693697,-7.1290564166099575
90.0,1.9871550195001655,-1.628780858850881,-3.615935878350964,-0.21841720874842085,2.7836739306020015,-2.5805224790674757,3.043425740027475,2.102534165458467,-3.2678827207883128,0.8083332360364747,-3.189034400844982,3.3027576119370616
91.0,10.534973619553039,10.104438505073585,-0.43053511447943915,-10.355264777658146,5.54801287457917,4.799393248897846,6.164222663359492,10.673966600576371,8.850663260853871,13.030069882078433,13.797589277725557,15.31507169283551
92.0,4.017260872754839,5.523247988635865,1.5059871158809388,-4.806697549055935,1.2460697438290627,3.5575730199702407,4.28270709069103,3.5388956398053706,5.154285727868237,8.305922863152805,8.55937814541063,7.904778065405759
93.0,6.347071472254768,3.7241117861283994,-2.622959686126477,-4.998299414646481,4.477802192754936,0.5184734533849991,-1.998354828115307,0.6828196596697862,-0.27213772068026953,-2.2653950990018163,1.4909094436935488,-2.5864168894394926
94.0,16.753454658521566,2.1189182428856013,-14.634536415636045,-9.405741112810254,15.686157250806563,-6.285328317447887,-8.277353294329474,-8.663321697014574,-3.825730148399149,-10.357346153867825,-5.599755568822911,-9.494095547166665
95.0,-6.347083566807694,-4.815937272591068,1.5311462942165464,5.527759596699406,-3.9514015246127063,-1.5869933170590818,0.11282132899810815,-0.4962551851060999,2.2450039010975003,-1.935761995366538,-6.646795509089235,-5.930692640212043
96.0,-12.947838949973658,-11.991795822528577,0.9560431274450694,12.493633915774215,-6.972085582409383,-5.538776759729102,3.7311118697355146,6.431453950423737,4.631425139967977,2.9616355681148288,-4.735753665744185,-0.48590888182867786
97.0,-20.062526918827754,-7.631106174167097,12.431420744660706,13.875037234148701,-16.276596086747915,2.378882623553126,4.792553841767846,-1.2132506560980674,-4.637170718693977,-1.0734265852429001,-0.671039081796589,1.7999040928315708
98.0,-16.937193365745514,0.4801286496330821,17.41732201537858,8.265898220628014,-17.136669108410352,9.002352537106004,-0.27780218558488334,-6.0510210188101725,-7.597296850221641,-2.5164611667079213,0.6592514942726146,0.6882647214628657
99.0,17.284457092551932,19.552381174906408,2.2679240823544413,-18.448748220693094,7.54348696696472,10.87773705816795,-8.337352502391319,1.2720664538548285,2.2250316684051605,7.577759358399762,10.221947842381093,10.89680402918036
100.0,34.44637852577463,18.464871411046925,-15.981507114727757,-26.47680021780209,25.247852724572546,1.199395079708503,-6.232131931925758,-0.08003984454094382,-1.991213161308084,0.12167854840827097,3.055303250695986,1.5726998646977002
101.0,4.03985020839232,-6.125128851640829,-10.164979060033179,1.0253708500500274,7.059492585089709,-8.119402355777204,1.6557906221095307,-1.8565973768282498,3.519515158299263,-3.811204598244439,-2.2552972731310152,-5.822642850743164
102.0,-20.166758373567532,-12.173668627985387,7.993089745582132,16.149977088163357,-14.119765165590895,-2.074350052597036,5.879053610487132,-6.642081364300898,5.524661014287133,-0.37581040181265424,-2.5750559949178253,-3.775373652614204
103.0,-11.47862470882086,-11.925247869946713,-0.4466231611258973,11.751236425324564,-5.4751420785066784,-6.176757921706756,6.368223548477415,2.5476427172106115,-1.3521978522023934,-1.98077299925881,-4.704420844034073,-4.148652733760564
104.0,10.714287101755287,-7.251260215285046,-17.965547317040315,-1.7738528729244942,14.301293994020295,-12.601895449441093,-3.4580971325096246,25.753195142429195,-2.7927410477908814,0.5183425283804085,-4.748000243505533,-3.5363976189785378
105.0,-5.522614689528487,0.42178906960764073,5.944403759136191,2.5738249396942927,-5.697087217059286,3.191269440692595,5.892925216875535,-1.9452506459859737,0.5246543547262985,5.02773316690921,4.378130459996755,6.17138732602987
106.0,-15.765086109088706,-2.726820011529141,13.038266097559648,9.259659233385543,-14.449765683903836,5.090657254280153,6.288284145330359,-14.7041673028487,2.090474353654002,0.3648680216647642,4.823100830834123,8.325350310199239
107.0,6.840293315924478,9.476301004388544,2.6360076884640993,-8.148754548036713,2.1265952772340464,6.07830179619935,-5.41138142488017,-7.900459534003,-1.8677770424676887,-2.76885730138953,0.8595272231864248,-1.5510178893550357
108.0,10.218134196932521,12.8853932626828,2.6672590657502813,-11.540257756618166,3.7947904583131935,7.808794690320819,-13.135829890048315,-2.8024871580495914,-4.923963050003722,-6.800791491118168,-6.536406100168916,-8.41382984304479
109.0,13.537215669050493,9.552341328410721,-3.9848743406398275,-11.604952711636962,8.777224838116977,2.748344149434069,-7.469698726573967,-0.382141076984829,-0.6618029216277439,-1.201581560893708,-3.3358477365613735,-6.351998175192239
110.0,11.157907059811846,5.511079359592543,-5.646827700219438,-8.305860628759433,8.41708491303245,-0.014570547912307316,-0.1292684441991936,9.962174329184403,8.653718776266697,9.709300338300185,7.488810913671317,9.82691518634306
111.0,-12.722489457040131,-10.673547034468893,2.048942422571101,11.737171123750189,-7.450517550385884,-4.3303751628286165,7.196204213928021,5.268916242397801,2.129714468307208,3.5331515568680216,7.810198787727593,11.008922718332812
112.0,-17.011170360890723,-18.47384601665016,-1.4626756557595322,17.711646620487414,-7.7615909456891865,-9.982858533035927,13.251983387542786,-1.3324545923742726,-4.467473239914748,0.9008828514366869,0.6577201659002587,-2.226720820297981
113.0,0.5419997582448897,-1.951272366909608,-2.493272125154473,0.6793031666098504,1.5276722541574284,-2.2378203621878194,0.79085794100678,-2.363013735375726,-3.0682925520065147,-0.8539801201058593,-3.393222554311553,-3.0299785109890904
114.0,3.589727199392131,5.3296649720475715,1.7399377726556375,-4.483013755529608,0.9309071487297573,3.514492055369557,-3.467307469709928,-3.0818755082294804,-0.6116568949881358,-4.596730984030508,-5.695735169866087,-5.5283240424954645
115.0,8.627817768975799,14.083117038891835,5.45529926991634,-11.300846291643786,1.587484188096302,9.820758920231981,-8.315862819402202,-0.8918007297800465,1.6585882216518457,-7.280754723125277,-5.309336671390135,-7.3430800450329565
116.0,-3.0161833644422718,-12.216042886768282,-9.19985952232574,7.589491206283684,3.088658582106539,-10.741924436363307,-0.6037873799105551,8.053001173421967,2.539977038758877,-2.4552150396603194,-6.053460281440238,-6.774113071574378
117.0,-22.020059565315393,-11.806592143591189,10.213467421724323,16.96221636264625,-16.122587686782293,-0.7563442053194097,8.07959080426712,-6.750698863284437,-2.6287926445745216,0.7947787726991491,2.148328418714595,5.2614509686265585
118.0,-10.256947131950035,-10.40459442403392,-0.14764729208390914,10.297248476399872,-5.060062336832706,-5.315654143838074,6.264951806733092,-1.6785549337872936,-2.4998489453038415,4.529859672464995,3.0659040071693413,5.6492766211774645
119.0,18.983948105323982,21.124071524552324,2.1401234192282135,-20.013090340208237,8.420831368651461,11.674129381232559,-2.6093879947085763,4.210236398898147,9.427313497797838,14.511715900440803,14.942658137279984,17.55914421061282
120.0,27.8300402772099,27.20056490743144,-0.6294753697786144,-27.55834322280174,14.236996304580087,13.254636023622362,-12.054060074883031,-1.8695119439998305,-4.155299408265144,-1.9979343197001729,5.032886333742572,5.288207799435908
121.0,14.815199174447901,12.096571998733245,-2.7186271757146954,-13.504731129452807,8.785492748424382,4.665217150024116,-11.74327737015216,-5.765128972830972,-3.2953996407055577,-8.958392266589744,-4.560968627370494,-8.97238912002745
122.0,-17.204631272632618,-22.548655386537998,-5.3440241139052915,19.90129023636519,-5.899294981991003,-13.88492285978805,3.430080318635496,-4.250025499554473,-4.552383917874844,-8.609841315518045,-12.66358567575772,-18.49462626960717
123.0,-1.0470090301805524,-28.98843875156448,-27.94142972138371,15.039325351311442,13.410574443379527,-28.478598862790086,11.421538595516132,6.187660256859164,0.34096540605595793,0.2256531251608882,-6.409744383857248,-14.257107851584427
124.0,-14.828211076379505,-9.53398205112322,5.294229025256465,12.20329038000373,-10.09016402432118,-2.1340664250264307,8.497449437732627,8.123538946826056,2.9226607673493326,6.328619523867211,2.8618177094285455,8.682550594624447
125.0,-5.7107993278485925,19.608306282162335,25.319105610011,-6.921881493753271,-15.540648976798998,22.444439174019546,-6.204993165366089,9.209221640944259,4.01434893646447,7.392369823616732,10.206139920414726,17.095340258455742
126.0,-14.847712216510672,15.316683175369743,30.16439539188032,-0.27838284402255686,-22.453911418672032,22.712628895042712,5.806645265209614,-1.1682181720904095,6.44116615710005,4.436814025739606,4.384395405556466,12.856962091290036
127.0,-8.915935225952888,-7.451132090319929,1.4648031356326658,8.14924645994585,-5.220811143048143,-2.9524097894990877,6.768936898111379,-3.7334095791060027,5.741181015729679,1.078804962454572,-2.1777555225489724,-1.9275990083110344
128.0,5.582123996224134,-8.164166214199287,-13.746290210423767,1.344826384651637,9.707206804458618,-10.923401642576822,-0.14974608503957598,-8.710963356761852,-2.201926270108273,-8.394972201460021,-0.5632979935591991,-10.890150509328489
129.0,29.508231546963728,1.2985313497236182,-28.209700197240338,-15.420763637019997,28.89621441639612,-13.508063005881638,-15.702210775025275,-11.308853587374212,-12.431836829501252,-11.708294606874064,-11.725084321112593,-14.030283592726533
130.0,11.41802849376457,5.727384947034818,-5.6906435467297865,-8.585097291665889,8.507086506707289,0.04361905286928369,-8.971480605679464,-5.460485658153436,-11.212015666658381,-5.45927464403688,-3.931134919821364,-0.8346687186665767
131.0,-7.813825484673085,10.447806392116071,18.261631876789373,-1.3269982771212492,-13.090553980246728,14.383304271340744,-3.496333707054501,-0.6913705531219784,-2.7379812509487262,6.833220124697332,5.656286573843353,8.059844454962665
132.0,21.829978645665587,-9.444445503516953,-31.274424149182245,-6.202520816928883,26.57305076795658,-20.403246945569684,-0.043239602882131356,23.294754356503145,2.6255085787490176,1.5345190946317588,0.7269571368262238,0.36659258999612643
133.0,3.113777629465795,-2.4544608689526486,-5.56823849841825,-0.26194730278514733,4.357908196940426,-3.9690451359830714,10.420269207238594,8.293668646005187,6.637924656476338,4.970091992402706,5.712537967401113,3.286764532412638
134.0,-37.946907615912096,-2.4243592206591362,35.522548395253,20.17211127490098,-36.720009079925774,16.51906962850299,15.58325574716474,-8.505006557897781,12.942002105644509,10.601972086378224,9.046330379383646,4.712565109026615
135.0,-23.78049586211347,8.594024781357383,32.37452064347095,7.576049169826316,-28.06296800324955,20.458435685923853,5.0797094631106665,-1.4090035327358121,9.226918771240506,6.555826587682393,3.0472760350123855,3.8880092403127477
136.0,0.7783532913521878,4.844041793969378,4.065688502617268,-2.8332618983363353,-1.6276427905661581,4.43066068802958,-5.882290879133449,-0.8402728253928133,0.9540533342483428,-5.452660048475691,-5.513789335180877,-0.5571297857359097
137.0,23.415105523126563,-8.893579736584918,-32.308685259711574,-7.288628331729137,27.801668594385916,-20.547059584688288,-10.449137259880356,-4.307166822992303,-15.258694674726264,-13.22120132007058,-10.61839463064788,-9.320882674054051
138.0,25.546240975511072,-10.42063214028624,-35.96687311579747,-7.517885096587027,30.778139786824454,-23.141552702379258,-13.867558351084003,-3.7075241833868176,-14.619802922329331,-11.511021855290483,-14.61868763300168,-14.312915418122273
139.0,-14.098258034389119,-9.35028791520414,4.747970119184849,11.76409526167275,-9.476571850982591,-2.330457661402699,3.2624223027588535,-0.4216674082793088,-3.331766833703261,1.0317399622753571,0.6558447787092572,-1.6575516394043142
140.0,-16.30460867549425,12.064256394736844,28.36886507023102,2.0779755714890733,-22.306595554543826,20.183975427023814,12.899990598104937,6.708674420820451,10.096127155139321,8.313505578655382,14.93544340809584,18.197198493433874
141.0,-2.919503093897367,15.478090978026186,18.397594071923585,-6.32232672813647,-10.622130875058721,16.90193834879503,6.067946689668437,8.242195503375285,18.408246373504166,14.972581823462832,17.92592152083121,17.124222529859118
142.0,6.528643193144666,5.625994892298998,-0.9026483008455326,-6.039844607756661,3.759195594217916,2.402121015509543,-0.3738455656637676,-8.742650513039825,5.9828310868398855,6.069791262507605,3.899481631349895,-0.6367888476814345
143.0,-3.752755685958972,-9.452761418607068,-5.700005732647892,6.644178964857414,0.9448085092310168,-7.614945963248481,-1.7544152825652897,-8.03425601669106,-9.531325172396032,-4.258858215082037,-10.476598815359116,-11.507024351565985
144.0,-1.081729691016597,-22.53383316557466,-21.452103474557813,11.77560825258925,10.159936641554237,-21.950060009785744,-7.764221634772565,7.160689522399808,-20.203152045891724,-21.310735140984914,-19.7232725663653,-17.99556203834335
145.0,18.576474977764583,7.096660908883921,-11.479814068880474,-12.86377873342763,15.002148253437914,-2.143197529629875,-11.559863756066687,-4.026007759439846,-8.791045255197051,-8.358380614015145,-9.073549411370971,-5.637757808554495
146.0,27.317055871024543,24.80710939691663,-2.509946474107838,-26.007229380464743,14.882395271019297,11.124869642163011,1.7635734261761682,-2.8793465557467988,4.828055342090336,7.674111841912835,7.809758395820046,10.008980595024008
147.0,-7.9452473384096916,-4.408618129489021,3.536629208920714,6.153676331271204,-5.70122431294993,-0.4542904308974638,9.154430822228083,5.565398311830019,11.395905821818333,5.6921124085826635,9.662979491612173,5.292270709139302
148.0,-37.3525883315095,-19.64727609310724,17.70531223840226,28.474439215200537,-27.4974928382291,-0.9873912890216796,11.16722365817223,-0.22751553197956564,10.688507407643371,5.841332000371336,5.057204021692659,1.4808528483475403
149.0,-21.30766869223277,-6.319022340109676,14.988646352123093,13.783490001513117,-18.12285300091618,4.315653537484373,2.830000528956572,5.7762272389489,6.7516796877163765,3.676932479957501,2.2862666367505264,4.373568408059086
150.0,23.22959842934633,18.41602213494064,-4.81357629440571,-20.77895016307879,13.965652363022325,6.775227915873716,-8.207854704643651,14.84387800720289,5.910147991978667,8.241166115865727,5.356267606228566,6.339271207145002
151.0,22.23322199291586,21.3601768880625,-0.873045104853464,-21.756970444633918,11.57753216089607,10.287259366445955,-8.49859292238388,-5.978005198499915,-5.817698439906808,4.94300882540649,1.0713253479890381,1.6069849253102406
152.0,-4.131545845675268,-5.247383841072278,-1.1158379953971176,4.6482961341179205,-1.5571382586812295,-3.14696623375983,2.7014437003879332,-18.83969972326882,-15.002369687392342,-12.210519187989977,-4.55417528781031,-3.9496308036241317
153.0,-19.28542890519347,-21.98169751952612,-2.696268614332655,20.671272245966414,-8.257861403918564,-12.311728030745575,0.5856126429179369,-14.704540010883903,-17.1364034053583,-14.511234412549625,-11.139459162910802,-11.662246190476528
154.0,-12.136581181263312,-20.026103496960154,-7.889522315696794,16.042359976441443,-2.0791086733834274,-14.014413928383835,1.6952023393350797,16.763218244134492,-0.9789605216512234,-11.165038025978351,-11.214775053064873,-13.192415339505192
155.0,1.9514591960531984,-2.997965832494173,-4.949425028547091,0.4876774227410756,3.422394199693106,-3.95449341497101,3.756237040182189,3.5555983303903407,10.194838916694854,3.0708207478420153,2.35576304169021,3.269454952952274
156.0,22.715941397817073,28.08662705850509,5.370685660688399,-25.353865770055016,8.647892477540964,16.668093533456275,-8.568670519541605,-2.833753482717369,15.139503911937151,15.658352634450761,11.539862806558554,16.079250643574284
157.0,26.54876242387231,21.089387787488285,-5.459374636383659,-23.845738631397527,15.978966624402348,7.834254211013526,-2.6869723659202487,8.494028702777502,5.591860578603072,10.007668643145923,6.409495970432286,11.093938472966993
158.0,-0.16078494824873069,-2.1754481913534622,-2.0146632431045264,1.2247852959596681,0.9769756485657766,-2.072210426464329,3.8247249722054426,0.510257546418794,-4.1006589662413475,3.8752325075926883,0.6494698606458043,-3.710511219730762
159.0,-38.572712628209956,-33.19178686397787,5.380925764232082,35.863924882327545,-22.010920352659728,-13.876175476687498,9.41606576794996,-8.833734438251849,-11.181035116338625,-14.10017031981678,-7.982553453477868,-14.199433871244537
160.0,-25.800126635655054,-21.283546395474588,4.51658024018027,23.525607734956623,-15.118839277795109,-8.42423695302297,8.23135174364629,0.9993831886901172,-2.9763219946456605,-3.624328108034783,-1.109139747823832,-2.346343604298644
161.0,4.836361868743808,6.079211712551222,1.2428498438072877,-5.474137127161738,1.7546118301003517,3.7086355313402484,-1.5397403767060394,-1.5245948317667013,5.376117226089067,-1.565796735748986,0.42630221872034113,-2.014556138878127
162.0,20.628042243298744,24.647646256457065,4.019604013158296,-22.6564728917936,8.34151444810713,14.310789094579818,-10.399839307032348,0.8307311369891863,0.49418804224715274,2.7111424232058488,3.4641545731502172,3.476813819090646
163.0,43.43640234834781,40.07805767263332,-3.358344675714351,-41.70082358849991,23.360612446709517,18.34183120079532,-14.813989045995374,9.262336784328381,10.420553959055143,9.16452216537961,7.161496506482633,10.943184700006684
164.0,1.81564577295004,3.3587578144949983,1.5431120415450774,-2.6136281520735274,0.18626832729002984,2.432767229297054,-0.32622198825025883,2.777296592315944,0.8790411248982404,4.220554017188705,-1.5380211211995047,4.778892250543709
165.0,-12.251658433566444,-1.012609470509617,11.239048963056863,6.602189869941142,-11.764396810180212,5.168566572472532,-1.4198457767224066,-4.8611039705437005,-9.294713374769735,-3.0676266238480667,-3.7953123403682634,0.17936616389928073
166.0,-19.9081427236507,-27.676672829154953,-7.768530105504287,23.838643984399894,-6.0795904940877366,-17.754990305517772,4.7364995407298345,-9.553084190992582,-11.613133704782795,-7.904227684587968,-5.967318919724649,-9.007954750582442
167.0,-27.63867441834463,-43.26304502997107,-15.624370611626489,35.49515908522589,-6.010171366216467,-29.486279132529486,17.732427189572356,-6.198392220761843,-3.4595817304663274,-6.6892300646099665,-2.238767703050865,-6.997812929220417
168.0,-12.245449924215412,-17.08853709133084,-4.843087167115519,14.630467212725048,-3.7013053732239847,-10.93791258423217,15.393385893880629,3.0611233963998044,8.92883343525715,1.3503051292758275,3.6884539832303016,2.613959153361712
169.0,12.591210311918807,9.512334085799973,-3.078876226118987,-11.091151928302224,7.833590928348353,3.24096061342033,-6.060911099038861,13.773016398711718,13.57115038139206,3.4767542604479695,0.9567931034664432,-1.3492993012839634
170.0,9.073750899240562,15.114464063660758,6.040713164420109,-12.137022171048917,1.5101851818758583,10.604133821373413,-13.40873218844317,2.3818494428091768,3.973990919322592,0.9536885362631979,-2.0079777122688416,-3.9811785756058633
171.0,14.0572123205575,29.657855721660162,15.600643401102703,-21.82495603104668,-0.7851059520793191,22.584812111666174,-9.459817161426695,-13.561595383087127,-5.128225649577374,3.4984083157080206,1.1165439639476455,7.6261055187653195
172.0,30.40581150665344,32.14704513420088,1.7412336275476914,-31.245574510768684,14.389985396604228,16.989357527578676,-15.992725653688524,-0.6353284925881084,-17.154609636489266,-2.8975188776885807,-0.08622789175665346,-1.237491135829572
173.0,5.726772877319446,2.273152670506347,-3.4536202068127606,-3.968677568012117,4.562120945237245,-0.6130661350226791,8.049326485841458,11.91913495670704,-3.366227277765531,2.503152757409524,2.412937226865893,1.6555505946884348
174.0,-24.063303230439697,-13.597983679205965,10.465319551234057,18.86389947160739,-17.298158381894673,-1.5819290716242325,14.213192655566782,-3.2553298241616697,8.305331231126736,4.491650255626533,10.063486135810221,9.48881580867639
175.0,-28.731757869339845,-35.76799108164742,-7.0362332123074625,32.20627289794951,-10.807443506637679,-21.416054982989404,13.044263949404069,-0.08376036438347367,9.046668243564234,-1.9130403702044423,-3.9865067768306663,-3.2197478810989253
176.0,-2.484621240987913,-11.824622392130934,-9.340001151143166,7.111226216424626,3.4640896440549502,-10.600554867873663,-0.7558140651454544,0.4090395115404002,9.146836252338725,0.036440243078290635,-6.057017726234522,-4.583736822724537
177.0,-1.0853915366860054,0.7948419843614651,1.8802335210471535,0.09993511395652277,-1.5290051677499257,1.3890983068950202,-7.051048463028394,-5.637658112990762,-5.391459355836927,-6.864296374284686,-8.80585940895947,-6.035092478160659
178.0,17.54302290721528,7.84463832085677,-9.698384586358824,-12.663372806782881,13.570539006189787,-0.9653137150299644,-14.213739582948357,-2.7348362895937,-15.114354011875067,-4.574232371062081,-2.856541651251929,-2.798110712281089
179.0,9.584360248309723,13.084856164928329,3.500495916618444,-11.305944693216047,3.0668515109240495,8.321899349000313,-4.6377135958898155,0.38605949792257976,-3.9325745312324116,1.867560208464834,7.474214162247635,6.816852520973145
180.0,9.750728776222175,13.778075223262082,4.027346447039873,-11.734463204593414,2.8841709331758802,8.922852125788763,6.540660188755594,6.170998441494763,9.22694895105602,8.41234913670821,10.048258087062466,7.371777785415964
181.0,0.31992187441179976,4.49346489521348,4.173543020801689,-2.3719291305237293,-1.9046670469405171,4.3474519822821325,4.657981409284946,3.1076740054191903,4.644030828763165,1.80973005862178,4.774113546641689,2.9122765444003242
182.0,-7.001603689226362,-10.846438947346705,-3.844835258120325,8.887103614573183,-1.554167332309774,-7.413634911358127,7.049731855304934,1.2517651445769782,4.132892345541507,1.5568057868836767,-2.240614094219609,-8.330563897866401
183.0,-9.643871483969843,-19.62675054252867,-9.982879058558797,14.605237725159652,0.11903068017603058,-14.794449833353507,4.3940709385241075,-0.8343291874724323,-0.9642556683725552,-6.278734752680577,-11.465368923013768,-12.96052050706205
184.0,-27.323926747385187,-14.436691875638497,12.887234871746676,20.854422181070007,-20.15091491168913,-0.7620181126063228,-0.07835961585926166,-4.6531087859168485,-6.112551999463972,-4.283577857296679,-6.584800682580209,-3.762156493954251
185.0,-12.304366828011341,6.172333074749239,18.4766999027605,3.1190746158311926,-15.351943135741859,12.342406846092462,-4.3615735931372255,-12.786741260832589,-10.2143442286262,-1.1411741242048263,-1.7861786301356672,8.523203510215355
186.0,29.671257449655993,19.13276757957123,-10.538489870084925,-24.43127060862246,20.147651771523133,4.244288254759716,-12.328283507298034,6.37461373031588,0.2968639541926974,3.0017211099062813,6.512082408339106,11.452940235672509
187.0,21.368599645424283,18.05213486116219,-3.3164647842623287,-19.745398461109154,12.308744790720432,7.404027504798412,-2.6693902829348417,5.556897665320062,7.540427981871842,6.371507381809549,9.31608752345934,7.463111153023326
188.0,16.307308657952436,11.045396974125849,-5.261911683826897,-13.638489274312912,10.82881250980729,2.9391066844118896,3.0506874683331686,-0.5109860135991338,9.688642256087126,3.2702786279369156,4.9128489547382195,-0.3574705403665428
189.0,11.13623956355556,-8.433710332954261,-19.56994989651015,-1.3175713383132779,15.314307680472304,-14.023400061381823,1.8523409826212434,21.72177403014929,4.717492650834016,-6.6606540501384295,-5.410137533243288,-8.613599455562332
190.0,-21.955765282835983,-20.268362539501354,1.6874027433344132,21.14398873094931,-11.867763513306677,-9.306129887756903,5.877714904368649,-9.411173463055606,-4.569904765631963,-1.212499581685277,-6.489998613329749,-5.643330655153894
191.0,-32.32829303471994,-16.749886061444798,15.578406973275051,24.492472055569714,-23.92991612853408,-0.6013230420318925,5.200751366567154,-16.077143732835644,-7.216947676951699,2.446811113582284,-0.47712379268487304,-1.9043436891890817
192.0,-35.09189732621743,-19.0299277572463,16.061969568971215,27.01545451977216,-25.562177386162407,-1.5058662185892184,7.012216633724563,-14.403371632808128,-13.936389549045282,-7.40874090836495,-2.237816825339942,-3.9401568918983747
193.0,7.136928451558003,13.29151875582146,6.154590304263673,-10.17965891685183,0.4999480145044206,9.76855596473711,-3.399183983619259,5.066623208782609,2.594750137803411,-0.5114755865629226,2.986440609175565,3.0665749268164744
194.0,48.27069865057181,39.09313339348736,-9.177565257084202,-43.724889952246436,28.731060006770022,14.910975767602311,-15.006748869613,21.547426412518853,9.423458790881899,6.812452860100981,4.984943284074043,3.83877259906716
195.0,36.20624695585575,18.170550322869982,-18.035696632985584,-27.15109147971614,27.13026697388462,0.08717098641216481,-10.307446405679928,11.821766588215455,8.722487462913389,3.9785673983249543,2.945200714613783,5.372715726270796
196.0,-0.2243366565576288,-10.608558223628725,-10.384221567071084,5.456004294824982,5.09464520657181,-10.484331200034445,2.3475056586333807,-16.073051922111883,0.0902805750459228,0.08872047859329557,-2.5174844961067535,4.269147057987285
197.0,-35.406553804426906,-28.121918319286582,7.28463548514012,31.72789439471319,-21.403048370583136,-10.408021400709295,12.55642979160653,-9.909170064137298,-1.0886366055878745,-1.393153029652534,-5.948444096224263,-6.126879697580376
198.0,-19.173046280959838,-20.985436773824127,-1.8123904928645391,20.124341740388445,-8.652969219666957,-11.383699854319357,11.337133926828734,2.6583160677063864,-3.8237436040228885,-2.0207651715830104,-3.885620024887269,-5.7658216876693515
199.0,4.096425653077597,14.128860012053872,10.032434358976078,-9.144774088657739,-3.0148148370119863,12.10450593752947,-3.0103641925616715,11.657504565372873,-0.9211237472538025,0.5007551140440722,4.055036663627332,4.497793665212847
