Time(ms),I,II,III,aVR,aVL,aVF,V1,V2,V3,V4,V5,V6
-200.0,0.38361554067872905,-1.5924772435824555,-1.9760927842612683,0.5762065252847262,1.2030749626856312,-1.8237589476458957,-0.3793060459928159,0.2837072106611449,-0.9945600648087802,-1.5886769987092264,-1.7456063686595233,-1.6360842344640483
-199.0,5.6205903005920765,0.8723812349152354,-4.748209065676926,-3.2709296556992973,5.209595919006868,-1.9808416956718575,-0.8517875127099919,0.41776052654819973,0.5174333093676983,-0.34266086881892227,-2.5567095440938985,0.18633804549449312
-198.0,3.745427939981017,1.8957574762659861,-1.8496704637151145,-2.760767658634646,2.8270225465313352,0.05566748283895717,1.1562800204595438,4.122108492667565,-2.968998679366602,1.3376327945664503,1.823012971766357,1.8454088669963808
-197.0,0.7234369180939022,0.5919993842212266,-0.1314375338727254,-0.6704978644071091,0.38404541353004074,0.2603555650162202,0.18401864440196214,-3.212272954025992,-0.2116285373757325,-0.850755007309576,0.3658497419522202,-1.735749336145224
-196.0,-5.6399524490966,-0.8218383911051397,4.818114057991498,3.2235538255395797,-5.187707976760948,1.9479100766612276,-0.08607547288901285,-1.3911407853452964,1.350689334234281,1.7139204008742284,4.325590289372055,0.9140459243290416
-195.0,-1.3861413709640051,2.2022776626138802,3.5884190335780035,-0.4118958246496689,-2.520471280951887,2.9234410343737323,-0.2737154814254592,-1.1893639770030813,1.5228654261115262,-1.1928333430769942,-0.263068023208054,0.5879508469295873
-194.0,-1.363370437851861,1.1665113733321368,2.5298818111841213,0.09546850579527866,-1.978704249111551,1.8768025068640044,2.3762911805194897,-0.052710361168438746,3.67135458659996,2.0439160686505446,0.9217993756065863,0.7513784064300062
-193.0,-2.591724786213877,-3.971331353212275,-1.3796065669983337,3.2768083784447235,-0.5618116503063297,-2.724575103425135,-0.6668708449428579,1.2025139195076617,-0.2578824079277455,-4.218618390297754,-3.8305817401887055,-1.6900724574499786
-192.0,4.759139854162344,-6.620793087288755,-11.379932941451102,0.9224624369411607,8.029753224741752,-8.969622491204994,-2.588731118728655,0.5478767894276861,-5.449253187711681,-2.2302429485591815,-3.388904591929053,-1.7383471499114884
-191.0,0.12493230850829651,3.9301849034789758,3.805252594970626,-2.040334386790652,-1.8078526690938324,3.8205539684633107,-0.8860293129723404,1.452692709164515,-1.7112933194239808,2.8888454677891735,-0.7595414662971418,3.1650641034026794
-190.0,-1.6138119146165293,4.645339275310386,6.259151189926835,-1.4540017467259283,-3.9104816825212563,5.484349211381003,3.454310626964836,-0.8665922545407857,0.9003385688208323,1.490491387626353,5.796559418285007,1.358926820381933
-189.0,1.3393776355187372,0.9876248986651248,-0.3517527368537092,-1.1841674743424544,0.7883080923262848,0.35031116723511957,1.2593235160016538,0.8557688714060667,3.2654292361238872,2.760351072791647,3.0207925445849186,0.7138114131859837
-188.0,-0.8862311668433487,-1.2297160412943777,-0.34348487445111575,1.0337030311669668,-0.25177743648959344,-0.8328727708409225,-2.119813601192284,-2.8711276357137225,0.6123218841604043,-2.37758937498835,-1.4814802169676367,-3.123165754107527
-187.0,1.5567551283789163,-1.4100818120671215,-2.966836940446121,-0.023378475606198046,2.28213358698366,-2.156045707351996,-1.261575998573121,1.7429487316492402,-0.8467275013721716,-0.9721400346869641,-3.654992991104209,-4.940055730389549
-186.0,-0.5654954533520464,0.8803328812523075,1.4458283346043104,-0.19259450113373178,-0.9826196551812482,1.1164701787246292,0.8533760709748671,-0.4905605222318712,-0.48735993532123234,0.07859296885487232,-0.431538535373446,2.3339238075349353
-185.0,3.037957134931358,0.2984675923003619,-2.739489542630967,-1.7119300964206867,2.836601880516157,-1.1888794177008342,-2.5819695994630587,-0.9607211164296936,0.6668275217806965,-1.6735246794369372,-1.8084752529880848,0.4845698453070758
-184.0,-0.08938541991554588,-3.1873433739104966,-3.097957953994867,1.6633779660787658,1.5343712840423411,-3.1117342618921633,1.8673270509934237,1.243691430485006,-0.3419392426204486,3.223467793255179,3.188786559799504,5.129687540383084
-183.0,-0.2623882901741935,1.2590876585741178,1.5214759487484137,-0.4833219529149919,-0.9377616750129619,1.3416241461853131,1.5120538482430597,1.5321646597842753,-0.8083329343196344,0.25578362759710094,1.5997245210953512,1.832737968086264
-182.0,-4.843361225710525,-1.9747959795166687,2.8685652461939157,3.4159322169588404,-3.8206293211815683,0.4762700428933234,-0.00653379960915812,-1.0578919456877918,-0.5239251472974592,-0.5005825441332233,0.2819494840486183,-3.064616221313159
-181.0,-1.2318996108481837,2.9904653743842298,4.2223649852323994,-0.8774063878135328,-2.7679038143079495,3.556861538412707,-1.3539567266442147,-1.182123129269557,-0.9773883864278631,-1.6588201549582495,-3.2404509804447263,-4.142575015622301
-180.0,0.20444125242507882,3.6486983237582065,3.444257071333066,-1.9259088847039423,-1.5784861210786194,3.57649960465454,1.6792062240509185,-1.3600960108638733,3.3009792380475145,-2.4166182412652217,1.4449225938489856,0.02384300856424204
-179.0,0.259016747944423,-1.6793263601238726,-1.938343108068369,0.7130742318459247,1.1442812303849388,-1.776626340413946,0.45150506080820674,1.5664485303039752,-0.9496545803948517,2.7153448704180994,0.9738343269324472,1.7341469996347507
-178.0,2.553474604119565,-1.6044857717017005,-4.1579603758212835,-0.4666792598473454,3.3265931048740462,-2.924313672233935,-0.013085319333929299,1.6143973549805704,1.520328727641365,1.679966666032251,0.6070615747058092,-0.060978718225149775
-177.0,2.337492264442642,-2.9465582064522082,-5.2840504708948135,0.24016831008284867,3.784124689633974,-4.075607363937207,-1.4276562943546005,-0.290806843844271,-1.1171651500444826,-1.788989652163799,-3.4663860895768517,1.9687002554390172
-176.0,2.4178182208687016,-1.5412648003640932,-3.9590830212327583,-0.4164499500007729,3.1615379827415433,-2.785731101182684,-1.6254098939562847,0.5347260247160601,-3.173212844888884,-1.927285547827283,-2.077674848811304,0.8503951726292797
-175.0,-1.2216231916927478,4.382296490377558,5.603919682070319,-1.5508541962935884,-3.364305093189235,5.038045607264184,-2.249150430379197,-2.4081131038681405,0.618496078831883,0.9815813513101153,2.4804841386260836,1.0066850044618423
-174.0,-7.404732394738499,-0.32751821360513267,7.077214181133348,3.9027392771238594,-7.277025491699901,3.340213048927998,2.8768241262312326,1.4229622979144851,0.2865112265026048,4.6794142910659975,3.487718659596434,-3.737524733218276
-173.0,2.460932319890247,2.439483617667035,-0.02144870222324169,-2.486706418292235,1.277258358022193,1.1709659144240994,2.471877487933359,-2.1025988458672993,2.400922878476626,0.38150060731215074,1.4020313128523996,-1.427133147671765
-172.0,2.4218194645181508,-2.6046992135287517,-5.026518678046927,0.05804006338019574,3.675809561503348,-3.7800375873539327,0.4697625977680686,0.8161454096426588,2.629678317693205,-1.3285174622059248,-1.5017853648579256,-0.5358456189809113
-171.0,2.5172122966455532,2.3220919056799385,-0.19512039096557077,-2.3744649650766623,1.3832777088454016,1.0937573986089055,-3.101957377399999,0.5396855859074625,-2.776444967039544,-3.6285641186138387,-2.0268055161740177,0.7099100668329218
-170.0,-2.5440057198249506,-1.6649519276694882,0.8790537921555619,2.067458347543975,-1.6847617076225017,-0.44525051525302956,1.7235698213937167,1.1162225695428287,0.20848184454366248,-2.100235789761391,-1.3264877593140971,1.6305834347055947
-169.0,-3.932792080463013,-2.826811046237282,1.1059810342258203,3.4155564811368917,-2.4906171097625625,-0.8351478597640665,-0.7121079126873703,-0.07357247651075305,-4.923562789798623,-2.023428773191684,-1.845885674547835,0.5384374101686389
-168.0,0.006498341010919173,-1.948169949515624,-1.9546682905265131,0.9207634108085769,0.9334859320361564,-1.9244470010727963,2.703562673118369,0.42358258751566114,2.3785546870985197,4.867013837674916,1.8244063358629674,2.659647290235505
-167.0,1.9493754912897454,3.8400662018339293,1.8906907105441193,-2.8725808936337325,-0.015661162236993098,2.81735726692428,-1.9870962291902652,-2.1914449677644052,0.16949290259381933,1.9644018987625862,1.3206213133163989,-0.8642550824018306
-166.0,-0.975089947292926,0.3366999787265319,1.3117899260193306,0.3366798473194472,-1.109548570466385,0.8590404977995504,-3.2966475896974674,0.945769616406554,1.12623019026789,0.7070838502699286,2.7724215376622414,-1.455737880581236
-165.0,4.519988023597482,0.26824358078500654,-4.251744442812591,-2.3788111555257903,4.417689808544632,-1.9547205242205787,1.5739196961117554,-0.3719264127420866,3.978803711181437,-1.2694783404039638,-1.6220383348422203,-1.693196296535322
-164.0,4.204913905825656,1.3297189915303969,-2.8751949142953075,-2.752012158373889,3.489402034369442,-0.8158377233646941,1.2243419262435726,-0.12696235205407788,-0.053255773073393575,0.1589056027948479,-1.6615796839258252,-0.5775733686621578
-163.0,-2.500255874331333,2.415443362748671,4.915699237080052,-0.019746316234023897,-3.684266610553469,3.616863251064976,-2.2678529517764017,0.1482474157072801,-4.701836647001882,-1.8261386104071722,-0.9575520687643249,1.173578355552352
-162.0,-2.675900200092892,-2.1214907358032917,0.5544094642897184,2.416985726820674,-1.5954817795559817,-0.7622852645712519,2.6456572890574,2.088743971390368,-2.1184863710425583,0.4683660101098839,0.7237618715967545,-0.27181510008258875
-161.0,-3.7080470678830197,-2.483310165111895,1.224736902771246,3.115689924674008,-2.4496943406045384,-0.617425112995136,0.6911651054602261,1.0642971934143919,2.0788386289325063,1.4782879050335007,1.3377647761279512,0.2543003421527291
-160.0,-2.4029904559602366,-0.37258533868292054,2.0304051172773674,1.3311225776054247,-2.280342243877277,0.834035130834409,0.6048416991524893,-2.449827421029521,2.0679878769694278,0.7534120975191945,2.25264687521331,2.880793401384018
-159.0,0.2581768208348937,-1.971025684092566,-2.2292025049274953,0.8816858540118786,1.2585899367760158,-2.096287700922863,-2.351928505595613,-3.470094408798418,-0.7894024849077186,-2.158326775681662,-0.6937993949478809,-1.2478983803973331
-158.0,0.7550700608104088,-2.8222966638824136,-3.5773667246929115,1.0637686632380943,2.1820892561689234,-3.1906144537285854,1.8374604185921624,0.4171109546521883,-1.2958497933755626,-3.565745174901801,-4.5438971257780505,-2.0771354581646553
-157.0,6.687568303239512,4.509179927407408,-2.178388375832175,-5.56167470872988,4.450609556993983,1.1858960587832572,-1.2173748936985342,3.0350465699693085,1.3484811270708683,2.3199733974613657,0.3561499665884371,1.043363859429581
-156.0,2.6999847161096167,4.612783622390806,1.912798906281173,-3.691158858850085,0.4132711341345554,3.2190310499097667,-1.2834587937636837,-0.06366505954788848,-0.742048436645996,0.17828594013516041,0.765858338125599,-1.392728176839396
-155.0,-3.192543707554462,0.9908715648713211,4.183415272425819,1.0726510684068034,-3.7451303357681756,2.6360404649451254,-0.8124501600571477,2.02301983078294,3.243107408770343,4.041962818539698,2.265282178631089,2.627638266843335
-154.0,-2.4587645637325526,-1.1621384279258518,1.2966261358067661,1.7869066152406516,-1.8543130849976837,0.046997784212569726,0.7905274703196656,-1.8328220552724843,-3.8186444817896,-2.3356447174262245,-0.40535947804742567,-1.876241486687202
-153.0,-1.7244096627711978,-3.259008382602981,-1.5345987198317392,2.549028825508093,-0.1480797908141216,-2.4141699984445544,1.7607717807297796,-0.062380354299880425,-0.5158473983532794,-0.8129838164897366,0.8614568557543563,-0.6716155901940585
-152.0,-0.4585322074873617,-3.2868365407951305,-2.8283043333077624,1.8510887211759064,1.2139349414315257,-3.079041833998486,0.4332550603704668,-0.4151298030601611,0.17901993572958375,1.2708529262978114,-1.1475706696660959,1.7763939646873028
-151.0,1.7028539480392595,0.9875020239435313,-0.7153519240957669,-1.368380321495799,1.243484599212106,0.10559750841161808,0.24150600327243377,-0.1351694813054065,2.2537546823985104,-1.7961181432753865,-1.085814423458075,-0.40736186260218143
-150.0,1.2109753699903458,1.1892745298840874,-0.021700840106315733,-1.1465693947210545,0.6575793773133998,0.621862727704592,-1.3092290171085579,0.7049589412890948,1.2978203392350605,2.791035853547638,0.2264387866763885,-0.3697712051304952
-149.0,1.9519939288376547,1.9291552612044123,-0.022838667633278575,-1.9672132645139753,0.956892490665259,0.9837868535055712,0.31095642626865316,-0.9144712913635773,-0.6790512991664405,-0.5375303328414301,1.0116152175518731,2.383169771296007
-148.0,-1.4390973915467644,-0.21483733849551068,1.2242600530512566,0.8000358749890522,-1.3570322713636191,0.5333064209505363,0.9694989987766288,-1.176024514683437,-2.2980632351117354,-4.973064059183098,-1.4634845641552467,-4.807105348920524
-147.0,-1.979488074747184,-0.3824812847796492,1.5970067899675628,1.233874801721351,-1.8117721292506745,0.5609424737991932,0.22442188419960482,1.9129073211103518,0.07057353279282963,2.3128379747131937,1.23482887469929,1.8446649489191027
-146.0,-2.053197014146615,1.3083295812659916,3.361526595412654,0.34887898879490103,-2.7327264151903803,2.3753165990963594,-3.346157700374446,-0.15503629697858057,-1.5206319730372047,1.4180302331095607,0.8273147081509232,1.4386831980639145
-145.0,-0.029787578892937927,-0.5427336731387595,-0.5129460942457886,0.2658677228658913,0.29047570489831376,-0.5571995344739651,-0.46603188350189684,2.420529529241309,0.9628060472087627,1.7397066562847785,0.05095753909120576,-0.9069329628699117
-144.0,4.020943975160601,-0.8280850338241542,-4.849029008984772,-1.6133379337323568,4.47859759859153,-2.8610245682351185,0.15180980453685944,-2.8936824141593926,1.5759398514345468,-0.2580989125155395,0.39796117839521894,0.1130738320427307
-143.0,-0.08417746222440692,-2.9402547629067652,-2.856077300682418,1.577205764424805,1.3466250004230136,-2.9179422688264736,4.499516526038662,-1.3499202664762702,2.240665110315055,-1.8285052786054168,-2.262268934591658,2.4582229294859657
-142.0,0.07004238224189974,0.48063197708124283,0.4105895948392848,-0.287053067329114,-0.21137559492697533,0.5026425330719704,-0.5154309208649677,-0.21824524620915486,-1.2974665125183402,0.09829073867581284,-2.068464990694985,-0.5184449932021159
-141.0,2.6441992294248546,5.1981494840090665,2.553950254584168,-3.9326918907647945,0.08382722242868929,3.8489127852155356,-3.670128564510364,2.3807664386377136,-1.5020028603957816,-1.4500741040492042,0.6024483551041644,-2.4973005123091645
-140.0,-1.7830388250022722,2.3155204797672413,4.098559304769488,-0.27981767509918654,-2.8987100911601456,3.173159257945699,1.8749059600108682,-0.03841738127767358,0.8373984213143943,-0.16524238287855586,3.344869785139988,0.4726322243520906
-139.0,-5.085897360403612,-3.4392334695617013,1.6466638908419042,4.244903174547173,-3.3984730970906742,-0.8571886527774015,2.355548769809362,1.1136487361315541,-1.7721375188382362,3.8423599768110956,1.822388237912449,1.3914890427334559
-138.0,-1.2110872156743613,-8.494603669592784,-7.283516453918404,4.829977975168497,3.0079594107647516,-7.853168626692321,-0.9720368563038789,-0.2692246526782604,0.438938675970445,-2.913174224155422,-3.502233163753884,-4.741527658642478
-137.0,1.8578767046484224,-0.5145992025502082,-2.3724759071985995,-0.6208893660128587,2.0888309681847455,-1.4866823937215328,-2.9681561298115544,0.23727687011902898,-0.001153265178180346,1.8243512076441912,-0.7531061591386685,0.7836471341654565
-136.0,2.981854709744045,5.156723372559368,2.1748686628153444,-4.022749728795394,0.4547514164155644,3.7030960962050976,0.3997102006625881,-3.477223521933637,-0.2897205343992215,-0.653717238625207,3.63196853557894,4.399519110836622
-135.0,2.724019069343016,9.960000737740438,7.235981668397424,-6.377446429588292,-2.209368686277714,8.558495287301264,1.224674779963396,-1.1000812344205941,0.29773531596634195,0.7111980714022786,0.24615833142612475,1.7369666560208024
-134.0,0.5942076395398117,1.014500642375281,0.42029300283545146,-0.8427100180878209,0.046856630331718496,0.7571872189281987,-0.4835272410165241,0.8580512913360702,2.5460099747755525,-1.2682681463100627,-1.317210940540533,-2.6296017788907706
-133.0,-2.7597092119011,-5.699549623324273,-2.9398404114232077,4.266494152256808,0.039625552502703415,-4.360352588191287,0.6743633639825697,2.633450677071693,-1.40442479129934,-1.1357853766523822,-2.638680428731251,-1.708144410145016
-132.0,-4.7199052796659515,-8.990670521569868,-4.270765241903952,6.808696714085852,-0.20714835308177426,-6.674809214551214,1.3033260493000283,2.3218524989641356,0.6061242737009834,-0.4783278881797995,-4.163027935046097,-3.1457226374036167
-131.0,-0.3264368435756282,-0.880811812685514,-0.5543749691099069,0.6300155951735222,0.12248036212339275,-0.6864424726743006,0.5571944091348962,0.40961636794300893,0.4777893579220493,0.23838787818180307,2.9439694664233294,1.119962219077815
-130.0,1.8393659811883298,1.486686035960877,-0.3526799452274547,-1.6426923369124489,1.1001832344744666,0.5966313646562076,-1.5773461331965266,-2.2495820756518463,-2.516220310112603,4.304928562366225,2.9701651075523774,4.561706799312199
-129.0,4.681418811349009,6.806129814423152,2.1247110030741627,-5.7286123720720665,1.2844591504663445,4.496927301094472,-3.162803844821942,-1.6798894641868123,0.5509960834867784,-0.3250596882149177,2.281571712897845,3.3472671184191243
-128.0,6.0338453535366305,5.51306004209412,-0.5207853114424739,-5.840047361780304,3.291809635974197,2.4541884127360296,-2.3689381574692527,-1.245770498242234,0.28290697755770644,-2.1376722316205754,-0.40678863425263123,-0.6430012394516653
-127.0,-5.719607331488164,-2.3164890819708095,3.4031182495173966,4.030453333364479,-4.533708250690403,0.5873811527971016,3.2611962353179145,-1.3590790667776262,2.0604682062684327,-1.3102255610171238,1.5281414243582734,-2.2199472639813616
-126.0,-7.619751795239606,-7.488212434613201,0.13153936062646432,7.57045488284851,-3.9118852632076138,-3.706021057671452,4.601370150148758,2.2500805108104274,-4.049465234069954,-0.5355141755611015,-5.51532076471712,-5.3056724039542145
-125.0,-0.6395562854407428,-1.4298907832876413,-0.7903344978468166,1.058738399989692,0.05214964086777418,-1.1330601321850993,1.5131513237013636,4.3088074599888415,-0.18075213211829977,2.0894038635586263,1.6108668782380922,-0.7109638072462565
-124.0,2.446133034804646,2.1058210046705077,-0.3403120301340743,-2.242374012375727,1.3781609447554797,0.8614196472107469,1.1294492516943162,-0.4471709487499451,1.9319804960650035,-1.5920614064574306,-1.4952189980891495,0.5689959033100961
-123.0,-2.7346380389692135,-1.9461582666664161,0.7884797723027956,2.3046667901477087,-1.696109730550221,-0.6011277814996224,-1.8776852310259216,-0.6030575380981761,0.24141325369269329,1.3562215212539752,1.811606568751379,4.8304297795962245
-122.0,7.19289328026228,2.263896089536325,-4.928997190726027,-4.757101899481849,6.043093414123993,-1.2781066941680719,-7.491102726803788,-4.591058202501002,-0.525664695957463,-1.6972541265613632,-1.4631229532709775,0.1436378645189218
-121.0,4.124369924851626,7.044834173385749,2.9204642485340107,-5.609971656307689,0.5749657724353425,5.035498695482958,-3.1327937205316623,-2.237900075451887,3.8507552780387746,1.7328669296712702,1.7922809703030689,1.1528885893480145
-120.0,5.620923437468781,7.362888524951838,1.7419650874829198,-6.438700598674283,1.901719445262412,4.525983452567409,1.0586250211275015,3.8832735066080293,1.366519219152583,3.095237240364342,-0.10433517237429468,0.20434490641849212
-119.0,-3.0654835640921254,-4.321337519253862,-1.2558539551618344,3.6656871865701186,-0.872814290555913,-2.814977706482009,1.844081571310526,-0.34159472343450803,-1.6089049299112168,-3.229434289999793,-0.02724984596748342,-4.61973962554417
-118.0,-12.169826706643756,-12.714721633630734,-0.5448949269869621,12.412477358137895,-5.784821548538944,-6.656590814384804,7.2058655231618305,4.565142576399453,-4.595333983096462,0.4522736942451375,0.5403428189660132,-0.35438125234276185
-117.0,-8.08532986764141,-6.827246523723287,1.2580833439182473,7.5049829822099605,-4.6425293266543335,-2.7344253757310804,5.102579739396687,0.6077577369269027,-3.2603287817511837,-1.4736006808348476,0.33063270693849167,-1.699702029858267
-116.0,-2.5519118259063682,-3.6790347139361907,-1.1271228880296527,3.1661945538215215,-0.7554050404737622,-2.4351753892497725,0.7270328215727171,-2.1208630820130483,0.709938268632806,0.09872943709550319,-0.7513295074971051,0.8696230083798333
-115.0,12.239833551724631,8.188249161637316,-4.051584390087188,-10.23880491693513,8.190368240091036,2.03155416445183,-7.150658189469185,-2.183511137319861,1.7520194521582217,-1.1387978355615092,-3.1976991716486736,3.0148081597299643
-114.0,12.439747415374846,14.885709259719,2.4459618443441693,-13.685048233848507,4.970646071472974,8.702959053260333,-6.07527682639229,-1.9425483971608306,5.393781611482847,2.8415650813834135,1.373906116300915,4.990817584606403
-113.0,-0.9376044990101731,2.8689434549321966,3.806547953942268,-0.9883581403133528,-2.394376804553699,3.3708287475926846,-0.1952496624610527,-0.22685303982440652,2.1027237753130836,0.800734390482227,0.3965913961726035,-0.8542489735268644
-112.0,-3.5737989917372337,-3.9901198210222133,-0.4163208292851108,3.7552550608784037,-1.6020732685776222,-2.172893755125421,-1.304259032898889,-0.8347989067600743,-3.2047237019325503,-2.247033482641526,1.2217550695092643,-4.04355890477548
-111.0,-6.487918153862398,-6.888476097846985,-0.4005579439846867,6.733397950636279,-3.0719890639579064,-3.694498073665534,3.086276341558168,3.6030667957643208,-3.1394928582288304,-5.118936966574264,-0.6182349708515222,-3.5527668746334755
-110.0,-2.062986451228671,-5.040444681091117,-2.9774582298624663,3.5106274165184264,0.5013417275013645,-4.059563696166554,4.357219913796293,2.0369188647131238,-0.063941306289792,3.62498963912469,2.32979179396954,1.4966075520436783
-109.0,0.15498013771090724,4.043478812620992,3.888498674910131,-2.0673061095698118,-1.8275007390244369,3.994429844134789,2.0063376639017494,-1.4270650568405372,-1.1371442678932744,6.383646727863151,1.896272278707553,5.526187660614125
-108.0,0.6948276468256335,2.1589572701414017,1.464129623315847,-1.3971456857087179,-0.34693434675731066,1.8416386255233637,-0.2956126004886961,-1.7847083914374904,3.3055563199354956,-0.05860126784803521,-1.8438711551567544,0.22130636048426
-107.0,-2.7663427153708464,-0.7737068614681157,1.992635853902807,1.8014824235942295,-2.4185916046709055,0.5642973943225614,-1.36244206208269,-0.40321020418077325,0.860927815878482,-1.5065299787143056,-2.4902639828825,-4.4678320268964
-106.0,4.148024314306382,-3.383505310090733,-7.531529624397063,-0.4250410902371593,5.804917943070803,-5.418620534312686,-4.153793790686026,1.4594711699075396,-1.8321014325514886,-4.509576595537418,-2.1541812634105697,-5.835912380189422
-105.0,4.604541638823377,-0.9600071530946609,-5.5645487919180265,-1.8595444608962606,5.054665892737619,-3.2171093031605373,0.7359998322080235,1.9252800910472,0.6079679486117157,-1.238568688334324,-1.9409730434114696,0.4855477142850413
-104.0,-0.2987883911514633,1.3064879016489925,1.6052762928004651,-0.5362503434090664,-0.8985894475902847,1.4279163708790614,3.07843741933897,0.7924273681742862,1.634640546849519,4.029304740423939,3.0664971652651776,4.931555363767055
-103.0,-2.1519593754960957,-0.5614368689726548,1.5905225065234458,1.406408136698203,-1.892774293404688,0.4898261174718823,0.35316353448592275,0.7612938474788165,-2.3712220761533063,-2.1944700365147902,2.5992254744374454,2.8404836763285766
-102.0,-2.367209222851205,2.7254584079972304,5.092667630848446,-0.12775871388271243,-3.748354886145468,3.884308262056747,-2.8297406874227007,-5.030082794578425,-0.40366442149686943,-1.0489208815555697,0.5220608575555927,2.2918220679823182
-101.0,-2.3175566944442485,5.369814367638238,7.687371062082503,-1.5534081375161497,-4.939463356613068,6.500981037426248,-0.07435295405830589,-1.5624035696408547,-0.20642407658018339,1.7408366796836776,1.5046708335785188,1.18915834971496
-100.0,4.329719218034855,2.8490200347730963,-1.48069918326174,-3.6178609993871373,2.891580856671864,0.7313795901392268,-2.1380781030753635,-4.6877545498528175,-1.8401559146927098,-1.2499079322071083,-3.1806321037687493,-3.8447701077455045
-99.0,2.402426784419715,-1.1549375176146128,-3.5573643020343138,-0.6544670823215992,2.967403335957036,-2.3116436833667806,-0.4886957938476129,3.6465301498868916,1.3020335685075206,2.7962143985538246,0.2937108697284212,-1.2045688177592875
-98.0,-4.868311986667123,-8.316271531032147,-3.447959544365006,6.637485746643726,-0.7230019962690273,-5.916085176073343,2.784226490545902,3.6795097369606493,2.082596173359631,0.8726385051163623,-0.2774573393380184,-2.176366832290078
-97.0,0.10277580745962833,-2.1781396369981896,-2.2809154444577997,1.0799265881430786,1.177090691574135,-2.2596649438345753,3.166435187424553,5.3335150223577354,3.3198917368259453,1.0662023423357034,-1.3178931532638072,0.8360399352274173
-96.0,2.9784238589875773,-0.9980960577465976,-3.976519916734163,-1.0292710706856123,3.459612401964408,-2.43210552655633,1.6535689701251925,3.665348164908598,-1.4587513869819628,-0.6280057402246069,2.086268587812236,1.007555475829792
-95.0,-2.340018502449266,-3.6987269082666576,-1.358708405817382,2.978455417062573,-0.4332754162970347,-2.5447809888822874,0.34475704769559107,-4.405115005858114,-2.4672805154647968,-6.828798271613104,-3.0218215055617117,-5.622483075279461
-94.0,-0.04879945961742527,2.535807011339341,2.5846064709567647,-1.2061990032001706,-1.341325401041551,2.5502276087762925,-5.318629201508593,-5.886962591284435,-2.401265309004404,0.6921282938482767,0.5404378715969709,1.2794703308448687
-93.0,0.5474431041376466,10.264921116557822,9.717478012420163,-5.44640919404145,-4.53369186699021,9.983941460765383,-1.6432198251302448,-3.4376717960449445,0.6573586995651759,3.2525328400007236,2.089867112311542,4.7035898317457345
-92.0,-4.0456003816128305,2.001065109089299,6.046665490702115,1.0638956787660567,-5.076184700046042,4.014993751790638,3.649907682596922,-0.2094217567121035,2.737658685662382,3.842718182153676,4.934025650659588,5.684290824036132
-91.0,0.7990735449842794,-0.7040536077016792,-1.503127152685967,-0.0014047301570139226,1.1182497247811232,-1.1180692927210676,-0.4986986255100412,3.978476380078561,0.12769954327909483,-0.6222466440923906,-3.559771188082579,-2.501224830721569
-90.0,6.908746089887258,-1.6861337711452773,-8.594879861032535,-2.6393128080976775,7.716049941763483,-5.08431494049493,-3.250309781353012,1.9930734050033112,-1.3553136778065147,-3.0902734231866997,-3.5770017997899464,-1.2536823550871978
-89.0,0.7127895225923675,-7.326643680504376,-8.039433203096742,3.2822399300315794,4.416676433658459,-7.713936987658903,-0.7352968981021599,0.95662367312049,-1.0436296821876943,-1.1617803622253469,-1.078202400639712,-1.3326794055498319
-88.0,-0.8320003868341939,-4.434431839597984,-3.6024314527638017,2.6094917911663664,1.4246400135118504,-4.055688421430412,2.419282002700311,-0.9026150157927159,0.9576856241341904,-0.540590923673485,1.5249149582463146,-3.9239016954894135
-87.0,-0.6693828435707423,6.7005927033315835,7.369975546902295,-3.0407893371102834,-4.058509003430309,7.074032162334939,2.392691070135256,0.4653500820833506,-0.04605347723704106,0.0652932324782434,1.7264551101977166,-0.31857825428792585
-86.0,-2.0625362939597838,4.671624599525959,6.734160893485693,-1.2539802418031223,-4.356814415987779,5.743017890554223,1.0705440466549383,0.8991619248928764,1.4292530186701748,1.4762748716357093,0.33290977128008326,2.652957426413343
-85.0,-5.233653712017893,1.1467674747322065,6.380421186750041,2.090747892090399,-5.842857782186924,3.729636147085222,-0.6580456279592676,-5.322993646825245,-1.028785822273397,1.2767786011756486,0.30026827716791715,0.7251892323653097
-84.0,0.3258313780940325,-4.331842333388287,-4.657673711482367,1.9690805742581323,2.5342474183965775,-4.5227269465176345,-2.6000539217667216,2.1332697412103143,1.67244208874309,1.1477545042103243,0.08876187398635677,0.9520939864213089
-83.0,0.5763096347632093,-3.5388296268904376,-4.115139261653699,1.446098142444042,2.306108830690606,-3.7713819082396283,0.4568458265948063,1.349151620929994,-1.917319584303582,0.5468823094510522,-0.026484549097699706,-0.5747519681031636
-82.0,4.849791945389996,-0.5021802968068829,-5.351972242196899,-2.1302316518057585,5.0550808894363035,-2.948779126017148,0.7037219071565162,2.6792435489715754,-1.8628256852645904,-1.8332723049649673,-1.5364931586336135,0.43947766910187575
-81.0,1.7344962060771936,1.0558158553343358,-0.6786803507428281,-1.4293541009836792,1.2320294309278546,0.16374242981766907,0.05886724656278597,-2.7290793438699827,3.2642101881037346,-0.7377887106667702,0.8573153179072828,1.0428874399327457
-80.0,0.824097716116434,4.071885975370807,3.247788259254428,-2.480497845054488,-1.1927804881856792,3.6275833383451683,-2.6967407885281722,-1.6473939299722664,-1.1534603094081899,-2.0616827635382258,-1.036977488760884,-1.7095018413856888
-79.0,-2.3107279890645835,-0.4172647837525505,1.89346320531207,1.4122674504009876,-2.0858221792531184,0.7745123783099654,2.285767435542184,-1.1169101285415044,0.6937693207285746,-1.0671870125543292,-0.7010235408333698,-2.55568655465316
-78.0,-4.524772769850983,0.32822277642006203,4.8529955462710355,2.148262439707353,-4.6703550626637735,2.616756906484326,0.8152458366369737,0.3674384437513085,-1.9692793426569812,1.0686761611212514,-0.8715259658278425,-1.1126823957176282
-77.0,1.812500189768385,0.7148216193471502,-1.097678570421294,-1.2919341785130836,1.4020591501769357,-0.17325349532777534,1.1321729343960785,4.003454190010413,0.9039310279148418,4.443332043764953,4.364593493538804,1.694421652993059
-76.0,0.04658202823912,-1.878236590452924,-1.9248186186921306,0.8859838223494227,1.0218600172201593,-1.9659890213683777,-0.4118443639193121,-0.38240830521564506,0.7999897015723675,0.6022724461979461,-0.5665371339788521,3.2394717906725328
-75.0,2.1802309142895293,-0.8629574551089314,-3.0431883693985466,-0.6922743298277526,2.5800166664322854,-1.9378138758947117,-3.269259469230638,0.4609127894171081,0.08688108874467776,-0.2358896856606144,-1.8872131408336006,2.9108234442952936
-74.0,1.314956755434674,0.9201553019756037,-0.39480145345910533,-1.0775753955934717,0.9101197483091845,0.2834579910970425,-0.010972636022592575,0.7187795637713641,-0.43879869706657315,-3.4794510186648737,-0.25362903433739203,-1.3579856858580543
-73.0,0.6490867726683107,-1.4699396282600283,-2.1190264009282904,0.36693392417351206,1.3633046444320904,-1.764885760228371,-1.3957941347931728,-3.78771032045465,-0.45459360984791214,-1.7426698068537974,0.6125347679104476,-3.248372433213533
-72.0,-2.8602910795347336,-0.3862143453775048,2.4740767341573604,1.6560367024768057,-2.6920341202981533,1.0049736823797537,1.831510753137338,-3.8814902609085435,-1.0586855248722546,0.8040524355653638,0.42607623033526587,-1.9464541286284964
-71.0,-2.22579955711023,2.1952384986404554,4.421038055750848,0.048815667538723906,-3.3587781113288693,3.2786591445969493,2.936597587007008,3.617645676166957,2.158907806612639,1.6839862385682327,1.7610641215552947,-0.28580525549306657
-70.0,-0.0982961155292349,0.30690965670018144,0.4052057722295066,-0.06730167063458073,-0.2228951352327695,0.4123523193577088,2.117544527061492,1.674185617589747,1.1613107322454055,1.9801738725021916,0.029814070096114642,4.933658506888205
-69.0,-2.6671650921244994,-3.3090211808391397,-0.641856088714675,2.9506960259239077,-0.9986438331392996,-1.9942974117677505,-0.43496684724166934,-0.1144640305551623,-2.163414151721578,-1.897553290870397,-4.804595490440801,-3.8207021201022298
-68.0,4.0174943006219905,1.4795699264610398,-2.537924374161106,-2.782963638126759,3.2805022687698298,-0.5479081183225655,-3.369059923707693,4.159969961555174,1.3361255934237064,1.4379916184111852,0.46981238988500373,0.3500310107170098
-67.0,4.463987905588018,2.2169365340100886,-2.2470513715780775,-3.3747860181888307,3.3537011034358146,-0.03632886579648492,-0.7522101794046583,-2.536412650810293,-2.464060913295599,-5.458016554419581,1.1957156210966318,1.4536920941425922
-66.0,-0.3516748120769164,-0.423170290456644,-0.0714954783797972,0.42919301546074595,-0.13873076029837939,-0.19374750156186943,-2.603989418674699,-4.569649857026627,-1.0358143741197838,4.353316227490193,1.0859059667890603,0.8504466795654806
-65.0,2.6259959863002917,0.11277362901894318,-2.513222357281333,-1.410209810868524,2.5810546388630136,-1.2292856523347877,1.364096810417409,-0.8526169080998858,0.5153804755428926,0.1063927278911242,-0.5592338743082901,-3.617909968049645
-64.0,-0.23485792000609138,-0.40558567739937273,-0.17072775739323234,0.3552620682033026,-0.0062238765241723615,-0.24142509481903665,-1.4532912918910517,2.734960526088653,1.7640895744751566,-2.1175486993962123,-1.239689240341188,-1.3228557315561682
-63.0,-9.837306233044805,-0.7124884508064013,9.124817782238436,5.309530279583629,-9.518744906084608,4.172482725399419,5.316414629709562,2.6287131525587566,4.082317246725797,4.056736379873283,3.0928274821004806,5.417325650566935
-62.0,-4.898831815503883,0.030335761635662428,4.929167577139528,2.470970328300715,-4.938909777185691,2.4455872178461227,1.3996548332281358,0.8681038810623496,0.39447060724181315,1.621963087071007,3.6772018347564117,3.5118616318214455
-61.0,2.012218618850109,-1.8195795663801904,-3.831798185230346,-0.13527399375000115,2.9052451904643983,-2.7807102314105396,1.4923181973736308,-0.564834486465968,-3.5074077497981584,-2.4955732134243704,-4.955882580337662,-3.945888556046797
-60.0,6.555745738239358,-1.3057312387979423,-7.861476977037361,-2.662126757949791,7.2734666373089345,-4.616390687898948,-2.8192903357005425,-1.4255275398021456,-4.776678921209429,-4.281465395145857,-1.743195263047171,-2.4710037600242805
-59.0,7.978292959524549,5.650597432930268,-2.327695526594333,-6.852708727410532,5.137395004446814,1.7088004400085004,-5.470943585631149,-2.5010908940820746,1.1388743856382657,-1.3072135193936005,1.48266478539305,1.3424814352604533
-58.0,-1.013371837581575,0.47276960059143436,1.4861414381729752,0.3062612057759089,-1.2700873956058358,0.9497404227119377,-1.0929338793647299,-1.9315229841912862,1.303216130818722,1.285519326272772,-2.5972765896416834,-0.6809840905504977
-57.0,-5.183585825297984,-3.6085445346069793,1.5750412906910092,4.425153825020899,-3.4056200806656127,-1.0444950678863145,4.325310812271901,1.9567930591239482,1.7790669252163456,2.362386327066519,2.7731365819248577,-1.3709971234054048
-56.0,-1.0199884573432727,-0.624065432204574,0.39592302513871447,0.8438468586087229,-0.661262511006619,-0.060728999000716766,0.015433162214440799,4.294423516058353,2.3346856208109896,3.099613929756606,0.6077795149218812,0.5342053698414966
-55.0,-1.2971798028085044,1.3660018158721066,2.663181618680624,-0.09687319501535185,-1.938256584426896,1.9920031952325858,1.3744887160644452,-0.9018849895893957,-0.3310540419402366,0.8944437302456216,1.2510487676349218,0.3355005814124923
-54.0,-7.061542811212958,-0.6746343112817991,6.386908499931172,3.8823207237290243,-6.764892670082873,2.836894983360346,1.6942304153231451,-2.210288927383745,-3.9656473632768656,-2.955984725270599,-1.91460196319428,2.088146421411294
-53.0,6.9059439347597324,0.5725757000297165,-6.333368234729979,-3.7226380830000703,6.575520931974554,-2.895963386295997,-1.5635986499856314,1.137968277463151,-0.6042474641308391,-2.117901058590323,-0.8348001851459359,1.3375345570723292
-52.0,3.5305720233869478,-2.7734323384708763,-6.304004361857775,-0.3551390511222696,4.948300038218296,-4.472144742744616,-1.6992229468237774,-0.7246676163504197,1.8712121079787334,-0.7391838494193697,-1.626786187407048,-2.6734564420858
-51.0,3.695173850572182,2.0754580355293504,-1.6197158150427757,-2.930461840297937,2.684715394131001,0.21770590999216743,-0.1972740417110468,1.18961713321686,2.2730917003866717,1.111838066413714,1.218775463606629,-2.1720011981947653
-50.0,-3.8907323448563162,3.507445856097269,7.398178200953618,0.23693219551356992,-5.699173700192514,5.4419054678836005,0.10301687276658333,-2.084438553811097,-1.9002439256929693,0.7213572529973692,2.7451299118659374,-1.8352762376337957
-49.0,-3.124370843292553,0.01979841489691969,3.1441692581894505,1.5298491252228055,-3.111876387074952,1.5664620165950272,1.3363179633743738,3.0579425087411263,3.0653963643591835,5.365513513548228,-0.06202761136781154,5.124322847689056
-48.0,-2.565171806704463,-1.438381690132362,1.1267901165720626,1.9877839718126773,-1.8224790254267709,-0.18003108988579475,-1.3669200514105087,-1.507018907831303,-1.17490047043505,-1.6597456546818803,0.2320560333908126,4.507956790857386
-47.0,2.4274151726823177,1.9050687016786056,-0.5223464710037045,-2.175572917909808,1.4241614505263216,0.7341392283551607,-2.122126071004858,-1.6616092689429747,-1.1455313999305134,-3.3188416717562963,0.14146876372961148,-1.3387826655949053
-46.0,2.1362825067995,-3.8100972730196134,-5.946379779819051,0.8281486023045016,4.0770481736708835,-4.926687233746429,2.5772318129160814,0.444501801454638,-3.927219182692805,-1.6832597199825585,-1.109321185213633,-2.3832140964742545
-45.0,0.3134812637010378,-2.1980235947498725,-2.511504858450763,1.0092020192310192,1.4576334972704341,-2.334778995366947,1.0369698939681489,-0.40838570446460026,-0.9257812597811585,-4.527962486763258,-1.6559258946849287,-3.099635788025167
-44.0,-1.9601486250157947,-5.059810746304639,-3.099662121288776,3.4924094700795956,0.5449328788582817,-4.0652708990712965,0.6488023629106704,-0.7652631057046195,-0.2452010101564892,-0.22116859551084778,-3.4054802026984765,-1.5262359025496288
-43.0,-2.094407975634384,1.1924556505644928,3.2868636261988153,0.4261937583028751,-2.709959172050814,2.2549125714572584,0.31956800046222067,1.1770324438278794,4.174466873702301,5.854198479985357,1.0101859248617546,0.7148838404339064
-42.0,3.795693621799704,7.576500543418693,3.7808069216188693,-5.718090129297985,-0.011635309913540892,5.700887024461973,-1.7699093671752752,2.4949687307622637,4.019865720224607,4.290579029626295,3.2509297539705133,-3.544607708956761
-41.0,0.3781614858275094,4.33717543640396,3.9590139505763156,-2.3165135578831593,-1.815029211375898,4.103077563130906,1.0483254937407425,1.639076262936224,0.7315313907908589,2.4232727568761483,1.6561594354751872,1.9289287195483173
-40.0,-2.800359338252251,1.2737009576659646,4.074060295918146,0.7231692019151514,-3.393193575246924,2.6422146209400807,-0.3976568131971504,-1.0693597725309036,-1.7482528210897437,-1.2163536093422254,0.8208443967426173,4.081452995084586
-39.0,4.945832871408042,1.3245443210010446,-3.621288550406991,-3.0954041833617767,4.315266928575643,-1.0889797195292878,-3.1825372155024763,-1.773347230335337,-1.5816098345385123,-3.8492847737051665,1.0137711170612431,7.936004848108727
-38.0,1.988848768410949,-4.394154184540329,-6.383002952951193,1.2469571842229505,4.127307420882893,-5.399119149203547,-1.8836070696424192,-2.0921801199942642,-3.4111473373310717,-4.032096734724574,-1.282249574384957,0.4606066905359256
-37.0,-4.528496859276084,-7.753097044788556,-3.224600185512341,6.112581259398165,-0.6400606059674474,-5.495594364087579,2.230482213701623,-1.2996271149288257,1.0380595039258573,1.2669866633479245,-1.4207437844674966,-4.2705793531242895
-36.0,-6.914061063696593,-4.605089664084416,2.308971399612324,5.737042653616942,-4.602916762565438,-1.156352411642,4.882971425048558,0.2539518109905966,-0.6389697383630687,-0.6586443397179828,-4.871147462870916,-8.293866466623966
-35.0,0.1468807236845966,-1.3272115961777868,-1.4740923198622826,0.5707661881583341,0.8209766009838222,-1.414867448632132,1.373975823926886,3.6332318495448503,-0.41490155598833134,0.20101641252786973,2.486017363200768,-3.974248221929893
-34.0,4.8993081538033145,9.110888812703609,4.211580658900292,-7.02489249525761,0.3601390356535439,6.63872659122214,-2.5875392648928317,1.3226569958870782,2.365039047902574,3.25025720673948,-0.29194335706951147,2.040855555180604
-33.0,2.1513671600913025,4.134523662087647,1.9831565019962956,-3.087628965127531,0.10762874623151766,3.1068529605868087,-1.7079479063205276,-1.741474292555707,-1.3575865825994942,-3.0262389278103656,-0.3149022061293616,1.8496561152567832
-32.0,3.4803438909782263,2.887630182827348,-0.5927137081509728,-3.2131041194050725,1.9872650067568167,1.1894057493331696,-1.249395479365666,-0.1819436980631032,2.4231374203893177,0.9770439943632353,3.6398261695065073,10.04749647908141
-31.0,-3.707555802174302,-1.3753315205184462,2.332224281655738,2.5848316738597013,-3.0665137701168916,0.4389450729655153,2.126960575346782,-0.3144044147106917,-0.5137671350885449,0.9568357789892427,0.36595052531840566,0.9858637330417697
-30.0,-3.636136465488973,-4.897205396251285,-1.2610689307624317,4.22571955343222,-1.1566653510048426,-3.117772082953461,-2.890717280858345,-1.7117013624421957,-0.05280979892462742,1.7003832861362342,1.122169648908794,-5.829653991330645
-29.0,1.54437115821883,-0.1632432443987195,-1.707614402617607,-0.6569906575527407,1.6527014437966252,-0.891409127598191,0.5763774975734534,-0.03911323262169686,-0.30080751859804866,2.364049838478101,-1.460475554879681,-3.695790553178234
-28.0,1.7247643266153418,2.161786072710861,0.4370217460955219,-1.9910612374229875,0.6655704864567252,1.2707224284155765,1.7951681040875282,1.1150859957194754,1.9249067386636578,-0.7496095258808909,-2.2600074097047758,-0.3584496150165757
-27.0,0.4733569905532795,-1.4564774684876531,-1.9298344590408898,0.5215283975031048,1.1410003180777049,-1.7147171987630125,1.2496745319808797,3.285667001332286,2.1133211848236835,-2.046516031968694,0.4012261576219296,1.7635874450747413
-26.0,-0.16546665553069106,-1.5438602862596786,-1.3783936307288862,0.8852036868423109,0.6243868018859111,-1.3970035012312298,0.01706781435412108,-0.11257944110182172,-3.595989395309179,-3.9237516974098856,0.7852422006069669,1.2135067123413317
-25.0,-0.19752375707470976,0.8781726277776092,1.0756963848524104,-0.3863371684785959,-0.6147411676838291,0.9675811234083335,-2.643505576996034,-2.1901607958324356,-3.635473227619734,-0.39406147952628623,0.7873668770038795,0.02447152664032992
-24.0,2.0730599775756535,-0.6468581768270871,-2.7199181544026683,-0.75510361648306,2.426098816959186,-1.6906760185913292,0.45116139702569213,-1.1270085498222835,0.06126980676062077,2.170118637711962,0.050515748977681074,4.98765144473012
-23.0,0.7291719688934071,0.808526882523183,0.07935491362982083,-0.7261287723459312,0.2857576547698593,0.43431248055640226,0.30251165797119955,-2.0291041415584785,-1.558614889134728,-1.1849644485166728,-3.2643008220240786,-3.652721040317899
-22.0,-4.895161672839909,-2.4934021448957067,2.4017595279441752,3.74469008497352,-3.6776361709067,-0.0625201546448988,-0.08095081844179146,-0.7155413711093805,-0.782367565280751,-0.16188296140855307,-1.5305236137368234,-2.51851030033514
-21.0,-4.9861289529911055,-0.27914495512403337,4.706983997867018,2.6127180574645115,-4.789328764515939,2.1862856250401,-0.012568941421974872,-0.6359771629165203,1.6761405715362843,2.201020684643599,1.4101528897531008,-1.7405444685322196
-20.0,0.0263989623601939,0.33367644630763493,0.3072774839474144,-0.19247480961889119,-0.15833495560639466,0.3587053384443317,2.3617820034220527,5.462659378761443,4.553220056082624,-0.1490564304165114,0.2873449623468701,0.7216601006206247
-19.0,-0.12943814495885586,1.8096620948766267,1.9391002398354842,-0.8478809713340627,-1.053210664515412,1.9001619430850474,1.3035382440082783,3.815423205520384,6.1433140809521785,1.9745075627568163,1.264299640726902,0.5735081542609247
-18.0,8.765782069035454,4.332735598511543,-4.433046470523895,-6.556518879721522,6.575344758502844,-0.034194130980631066,-1.9279005735345165,1.4127031082340387,1.1479147994954109,-1.5725432313230758,4.6121817368572495,-0.9986006100841118
-17.0,5.4377473833814305,0.05962846142143774,-5.378118921959987,-2.7598774025222443,5.455059008033965,-2.7277086078994346,-1.782759222130336,-3.2825175777656668,-4.744143025344793,-0.3818165023436606,-0.8457446455558391,1.384603891190623
-16.0,1.0181204020845527,1.2539881357290315,0.23586773364448943,-1.1547475620619827,0.3517245104121729,0.7543820639063505,1.1454796966275114,-2.2650167935459264,-2.12334104746366,2.1623995608072746,-0.6147805988726158,2.9616195392456577
-15.0,-6.547543387439817,0.08153678517683494,6.629080172616691,3.2835952128591406,-6.554915870913858,3.368660351608622,-4.066108334225268,-5.742783320754484,-2.3729526466319864,2.5125955906466815,2.878595315541092,1.5126948238723397
-14.0,-6.711568544684139,-5.8007681062649965,0.9108004384191735,6.297085430157897,-3.780625889165477,-2.4239123794833732,2.5765127257645277,3.0788942675127853,3.1055385113728704,0.8917477607364331,-5.757670660684242,0.08547941328422132
-13.0,2.7587738561853756,3.227985519964564,0.46921166377922563,-3.039676988404557,1.097145467056719,1.879590776354989,0.5265486409524704,-2.7407384565623345,-4.259915570343457,-2.9363061452623618,0.5780969627832975,1.8170007163226656
-12.0,1.2647521785781428,-4.955213427795,-6.21996560637307,1.792639587888707,3.776863704444133,-5.625218923180862,-2.6581997073921455,-1.812745909138024,-7.544529148774067,-5.594488642830971,-2.774036277657031,-4.446980909192583
-11.0,-0.9132474755806688,-4.4594959607324185,-3.546248485151619,2.708974587734348,1.277533723585949,-4.031928985811533,1.06381331077137,-1.827248500524104,-4.881524160530683,-6.084190560157225,-3.637745402071981,-3.868852007458985
-10.0,-1.0126918170676322,-1.2410694553415411,-0.22837763827374402,1.1488090476808912,-0.4248758325104831,-0.7577187552436776,4.106684058067633,7.2421353970094104,4.617911868196422,-0.030897194215832202,0.7425824499574715,-1.256865718923392
-9.0,2.613286013341729,5.348923939414664,2.735637926073048,-3.9574431547885114,-0.008696400196573403,4.101619298324689,0.7527948345084288,6.922314488117799,15.918463733313047,7.4041161617451,4.370886162013136,0.39251537680912957
-8.0,1.2630927554024947,6.086345937950844,4.82325318254844,-3.648107413127258,-1.8005305258499607,5.4371737049340805,-2.4974827269525948,3.150238573097309,7.692915248914501,4.836549226550948,4.108041639433173,0.8585200974067881
-7.0,-4.998384488359686,4.158736823164915,9.15712131152456,0.37022800493056884,-7.015430269899175,6.640988808604786,2.11880917553288,-1.611778875896236,-8.03232534626147,-0.7675777115790909,-1.4513782406065094,1.1664455248325147
-6.0,0.30681903809337274,-3.8223100251160482,-4.129129063209625,1.7088562792921482,2.2022880619000045,-3.9141366655836594,2.373971058375869,-4.280707353900258,-2.0938527369392483,-2.366790694231537,1.6670598656993048,3.5914150889308916
-5.0,14.14185719256582,-0.29192496513377364,-14.433782157699888,-6.896872614689347,14.268328013819794,-7.381615261516444,-5.539576869551468,7.091794062288695,10.631645032193212,8.487205175657685,-1.960807119565595,0.22177772863164624
-4.0,5.660612877641327,0.9645219991002887,-4.696090878541194,-3.288396736775475,5.150311163234298,-1.8882745516500261,-6.720324266653389,-2.6743926937634988,0.35866529586983686,3.0546160368544815,3.896170832872041,4.6530760820952075
-3.0,-15.008796287891222,-7.957107165323707,7.05168912256737,11.502028238541465,-11.070064731553298,-0.4815172693456846,0.6101402108846732,-19.61882036426931,-22.986565348604845,-10.717837399719828,-4.184355849638275,-4.512058538474341
-2.0,-20.300901104511336,-10.947113714265656,9.353787390245733,15.638037606911587,-14.80031780633238,-0.7552213671326184,10.191512196690443,-11.2494396860073,-15.757358558159542,-11.762824339891026,-6.21546559934086,-3.9455446180493796
-1.0,-5.946569411954011,6.0319691761468395,11.978538588101156,-0.11121645336321162,-8.943840500308898,8.958690226282691,8.021137455587393,-1.0099555077057665,-2.069411828238594,0.6759047621350938,-2.2650207759654934,0.47333270476317946
0.0,9.403488199946006,14.890964407261926,5.487476207316471,-12.138417553706375,1.974783147626387,10.213495159101665,-3.0850893747193266,12.341619738442727,11.860026328492301,4.422804286665759,6.197145378330343,0.6705774609377105
1.0,17.542528974220385,5.223132503018828,-12.319396471200942,-11.372134452278491,14.952744939157926,-3.528338102162424,-8.1813678105013,20.11890872433803,15.551021980194777,2.5672012977648304,2.5793673689156544,0.4097269235623303
2.0,18.062180232300292,-0.28487130277933836,-18.347051535079554,-8.872306046477368,18.236274475639902,-9.295865230067978,-11.516540233736055,14.16023495859555,17.798055132653683,6.065939475798663,0.8164520817440568,-1.621684843148803
3.0,10.64775904242754,-1.3626309318116108,-12.010389974239612,-4.617215447153104,11.292778685954241,-6.7399193242199456,-4.2269243935494565,9.069961152094088,14.797822942303647,12.849913181631988,5.582262657510534,3.032706130262059
4.0,1.3011525954179657,-1.2780767416431988,-2.579229337061969,-0.054029265139258875,1.911418458913904,-1.894219076486613,-0.4827680279640688,-16.488263480195194,-5.969963915993688,5.168060335745574,3.0431474100712226,1.2660715752770897
5.0,-21.858600348438582,-12.852483140550408,9.006117207887739,17.402442667439377,-15.459508924854967,-1.9566320875577703,13.254488356588887,-20.055062811180306,-24.29235645682406,-6.931207249079432,-2.5924844668039526,1.880637056761899
6.0,-31.36824134209759,-13.413197473066166,17.95504386903147,22.36699824172955,-24.693029302895518,2.3262821358672885,13.699217245917925,-15.1769643051109,-26.59949783925325,-21.19670472815072,-13.309403021325132,-4.420062508232752
7.0,-24.78958541555574,-5.151260127326405,19.638325288229893,14.95079893582255,-22.17409341218389,7.226884029682446,14.34721277540001,-1.287158256573429,-10.052894980789903,-15.471077595376904,-9.398404978347882,-4.743284302177813
8.0,5.842741813057601,7.728691273796217,1.8859494607393312,-6.805488574528555,2.01138364567003,4.792327712297083,-2.732363315065242,4.648563751778984,7.724662629281883,-6.019541510734507,-2.7095233740783504,-1.282694281232434
9.0,22.84019763177334,20.32488956736502,-2.515308064407863,-21.605599455029125,12.707954132286867,8.885928588692117,-17.9709550005856,8.0050594637591,16.68726966234176,13.803321552150832,13.003826580286296,7.8442410851638025
10.0,33.08622033634405,13.631376098752463,-19.454844237591395,-23.307709340509348,26.224955295104962,-2.9388282431150645,-13.885000708556758,22.06730033459574,35.49310470125679,25.383022428081393,8.750022458408116,1.9963799024862943
11.0,17.26908367240437,-11.76729049456309,-29.0363741669674,-2.704204538119919,23.194059246301165,-20.360288703314705,-2.482267712497924,16.128247705598596,6.59978683819158,5.882463503642732,-1.4113012954075872,-5.772471118870467
12.0,-0.46210531259549104,-12.921545594937525,-12.459440282342154,6.6560345020001375,5.972268614360965,-12.657935634028542,0.22727890558537234,-4.224808649550492,-21.251281477912826,-10.335269439492002,-6.119332025370701,-5.855501587009097
13.0,-13.4493254646755,10.960380247588425,24.40970571226375,1.2836549016004852,-18.94503131255587,17.63354227438127,-0.9512836025175568,-24.75763357014679,-21.428767618947873,-0.6600711449711394,9.915366652154297,7.850424425455824
14.0,-24.10209391788959,4.200667651316096,28.302761569205597,9.906144653144857,-26.209736053303935,16.27867983486345,9.335721288154524,-17.473646679572084,-8.471084777096927,2.8346435758472346,4.792412767542936,4.596639239850402
15.0,-8.8950214274941,7.553333641392228,16.448355068886194,0.6194478735185012,-12.674773609324898,12.032396921809266,3.074837564004076,-7.616483094573528,4.014502141557736,3.7031823573510945,3.464283709220102,5.482939925197178
16.0,-0.1364115208911052,-13.85740619162829,-13.72099467073729,7.01633984281015,6.789511839103007,-13.82840094008298,5.5095424856262625,16.30654343462603,16.55760792434468,-11.042627475838536,-13.69025937162736,-7.832479594703765
17.0,5.1746374140571945,-10.166641502409476,-15.341278916466738,2.508455137023488,10.252573971466811,-12.783986449282303,1.5732420386170327,12.818037106270777,4.373904286017953,-7.216307114247418,-7.024838157770727,-1.540650334733999
18.0,6.7525221883208255,-5.604814165246202,-12.357336353567058,-0.5649145950031855,9.624003014169766,-8.924331497570737,-3.902466944782457,-3.226832893964419,-6.31454670151525,-2.531453625926879,-0.8624951550845852,1.0375542157085165
19.0,-0.18541364222457268,-3.912391027898378,-3.726977385673793,2.0595906745288666,1.7559669544982945,-3.8366678997758843,-1.3509761070580515,-4.629787710749239,-10.101604557752244,-0.8655624422590024,-0.5859767704270823,-1.646542372890644
20.0,2.552707371531481,9.481742057720446,6.929034686189024,-5.999399332558129,-2.20865140341089,8.189469271608546,-2.353585085752738,4.853497658742992,9.576069386967905,7.358613567380022,2.902639670292923,-4.005423585816465
21.0,-1.9771128858565863,10.387952706615579,12.365065592472266,-4.176851768561762,-7.197695429216364,11.357795468559438,1.7591444601825081,3.3110665699463055,4.69350306338456,0.6704059655185812,0.30777088340017755,-2.486559853822368
22.0,-2.913956310805221,3.872455721433182,6.78641203223846,-0.5181567687804511,-4.883075718748091,5.383911675121345,5.473673573974137,4.785284070310572,-1.5693368802612344,-0.13012215820363693,1.8622930040238455,2.4395771929697174
23.0,-4.3188670445747395,-5.36588475597165,-1.0470177113970225,4.812121372556051,-1.595935804704168,-3.237260207156643,5.385194174119059,1.7396774031767137,7.434145032266943,2.4824301755026283,-0.10306012896271,0.961538378075089
24.0,19.89791747034331,1.520738345479298,-18.377179124864114,-10.735545377726094,19.172676153129096,-8.464551449302105,-9.554205882742359,0.5528062376963199,3.1670744590131816,10.3379403727733,5.04480157196013,1.5961689469251343
25.0,8.016449398199473,9.439834114628066,1.4233847164285311,-8.676334609361104,3.328010091584577,5.471165946814716,-17.38808402012161,-16.60021007823285,-14.980798781668797,2.6190796434113315,7.1984853600804675,9.596119243134913
26.0,-4.7116544024821,2.074377528115396,6.786031930597545,1.2877680656653956,-5.798826313091007,4.470351679644236,-8.799231942126832,-15.972449812987488,-21.167536845921585,-11.748868091703697,-0.2766905667601418,1.56863558025908
27.0,-15.202611061411776,-15.614766107483675,-0.4121550460716614,15.451918144674853,-7.447372879266647,-8.048356846893116,13.478343626556615,7.396994854731923,3.002220727871716,-8.155419365232529,-9.002281103393127,-5.201720254567442
28.0,-14.956621521723042,-12.542275324614945,2.4143461971083715,13.710944377159752,-8.660519420088658,-5.093395771465172,17.287853598914083,12.957497684738266,23.616636288136405,2.3064014756959397,-6.272570959700939,-8.633330672543686
29.0,1.9609608100075864,2.3902250604000184,0.4292642503926911,-2.135200402636687,0.7901970927063813,1.4643892380254364,6.462002651428451,4.962708082082774,11.956883138582677,4.274994209083384,0.8474456245710451,-2.239139509580631
30.0,8.308123293774306,5.920178653663096,-2.3879446401111712,-7.149124282018991,5.373560515349495,1.7454250010762034,-2.0178497864565283,1.0677588406610923,-6.600650605193369,-0.7887155489624114,0.4718069799276861,1.7055164209410774
31.0,3.0254770552510593,-0.48879838981372625,-3.514275445064983,-1.2191441994716508,3.220196473469814,-2.021758910470127,-1.979776871273025,-4.158739778992107,-16.022145085120155,-7.775181785060775,-0.24619041863934998,4.108882819164356
32.0,9.707472441955677,2.0588628393754,-7.648609602580608,-5.907300477357858,8.71306239061044,-2.817475442398066,-8.52318220262687,0.10420380622109704,-6.447724634848172,1.2504050268521445,2.894679082358971,0.7816241155928032
33.0,-3.362298844322198,12.204725925515042,15.567024769836866,-4.442007653481519,-9.500608596938896,13.938004968825716,-8.738024298001054,-7.092873260946738,2.3794169039860456,8.655077316020236,4.20478374603089,-0.13947020705899593
34.0,-2.3414105353938486,5.2049796557335135,7.546390191127104,-1.452674130482205,-4.892562510031377,6.345294833033789,0.10736461860700253,2.3154709737989627,9.739015750698078,5.954193290176596,1.8470237898092412,4.63311063907879
35.0,-0.7717995025198778,-5.757091230332478,-4.9852917278126565,3.3186698169114637,2.087304585854913,-5.4032981054615075,3.322685289417602,5.141756083655187,6.926085424915232,-3.2193612816339243,-2.3035188709872454,-0.693445774349061
36.0,-3.3423694469895175,-9.515060195129108,-6.172690748139453,6.398192172085814,1.401935183778297,-7.795992931382423,4.582002454904784,4.876525783319342,4.238666662148893,-3.3772943267584727,-1.2229830659794816,-2.895102556711669
37.0,0.6773776976753316,-8.00816821029361,-8.685545907968688,3.628568776257575,4.6719980069480656,-8.295352823525482,2.921843090480813,0.8823206594638409,-3.333137102713288,0.8250934631835709,0.08045453796358037,-4.325563550771733
38.0,2.3030426720443553,5.381941980546861,3.0788993085027756,-3.804970777865779,-0.3961144454550527,4.20712261632951,-0.399783944656356,-6.397538255752644,-4.424589645313065,0.9471720995587893,-1.8457815786497522,1.0101296166447122
39.0,5.758284965282394,6.235836996018814,0.47755203073661534,-5.960503036543086,2.631467574718572,3.334856718661231,-3.35354728057388,-5.299282193937811,-3.1939232960112376,0.7134354041067876,-0.04942139336463636,1.5602343038301898
40.0,-0.47571635189517836,0.7645180366647346,1.240234388560014,-0.1839021964369465,-0.7902281251044797,0.9771797657028456,-1.5247344604073458,-2.39708400555792,-4.264515707467976,-6.485570198131742,-2.5624257091766305,-1.1994804028062418
41.0,-12.583771485097408,-4.596624611516252,7.9871468735811115,8.63451256241562,-10.299665708710075,1.6611909265405111,3.001148594586164,-0.16150569025453887,-1.286826399477477,-1.2729971966662048,1.35054414140189,3.2658084719171288
42.0,1.681705298977234,2.1418306536640066,0.4601253546866326,-1.9411135401968296,0.5921648892285827,1.332658410904635,0.33624989028727126,6.584173507563912,2.2740970016480664,3.243903721723819,3.5274714108555196,3.170272633528548
43.0,6.392920266648268,7.957538898259344,1.5646186316108899,-7.202013974641912,2.3896846145332966,4.778630469954327,-2.8281562009703403,0.6595702780307482,2.651360421860564,1.294523300762569,3.470035324165102,0.624074447778189
44.0,-0.5140792077617364,-9.125332449013822,-8.61125324125226,4.8699296031483055,4.095819965281508,-8.862527549183751,0.22377306564155952,1.1479765123043144,-0.7189953100555186,-1.1297760013206641,-3.5207975929969986,-7.873716445563927
45.0,-3.1027379465111675,-9.197989484367943,-6.095251537856873,6.115531233416625,1.4574810317074376,-7.64758281583482,3.950223438314185,-1.8782149758112614,-0.6643497323219503,-1.5953738495711112,-6.532529076029769,-5.43267727080292
46.0,-2.0797104933792667,-0.5138889096555865,1.5658215837236833,1.2525754223975933,-1.8672548170578223,0.5244541110500474,0.3450055609300702,1.6683882559994154,0.7061919793329732,1.5654101115210335,-0.4963358307529253,2.179580824231387
47.0,7.427456839597601,9.602217155120469,2.174760315523003,-8.489979377915628,2.6584158187609264,5.891894970272157,-1.789651779103442,0.7862312187876364,4.222051929225074,4.057504553808926,4.293984395398574,4.190472360974872
48.0,0.4906878103475667,9.311984113757411,8.821296303410037,-4.883279395785658,-4.130613423677636,9.078263225480718,-1.8072042666080332,-0.45227670307467627,6.024426203584162,1.2181071121746738,5.078494338896637,6.68494274546549
49.0,-0.15433297748781172,1.7992671817489625,1.9536001592369088,-0.806126918680774,-1.0120727764655197,1.8967567495335809,-1.635150379466067,-1.8109240508332791,-1.3714975507377622,-1.0829315995217395,-0.21625505333905126,1.1416829360150205
50.0,-5.789164274031572,-5.217962187707317,0.5712020863242552,5.52359080151868,-3.2073111569087334,-2.3750685205620945,0.7042784654474672,-0.5967974593910481,-5.3296111143301825,-2.530176192720462,-0.36438811470531457,0.8613851084533573
51.0,2.357341908033893,-3.4418157110919716,-5.799157619125952,0.5696014528717077,4.060100249281962,-4.668625458567843,-0.6072939578377156,-2.7409375989670197,-7.550339739716979,-2.816447041370159,-1.5882105526854255,-1.4782349297934874
52.0,3.789035123160357,-1.8409727103632836,-5.630007833523751,-1.0174761345997512,4.696368635219603,-3.7042513670358455,0.7150391934794811,-1.0497565525310775,-3.1565638979413913,-0.36361276672869614,-2.4798282080701695,-7.477949198804829
53.0,-4.454996406942791,-3.5922437199604444,0.8627526869822866,3.985784413722823,-2.672884472422491,-1.334514631953866,1.677273103902136,1.0849058017359279,3.966101046101816,3.2148178452309253,-0.11219047594964637,-2.598458758004253
54.0,-4.454861680604685,-4.474546243077723,-0.019684562473007247,4.428646324183645,-2.2380783168128398,-2.218170098908841,6.3027718929223555,2.91885898783758,3.0961024659818874,-0.6517277802958101,-2.054526742273599,-3.86192451583622
55.0,-1.2381724639193856,-0.6532730252126608,0.584899438706747,0.9868484031604742,-0.8631862089714311,-0.006176737546194411,-2.0916023426169277,3.5183734442433767,4.294304537451666,-2.8211834085142558,-1.8082190641463156,0.56530637277708
56.0,7.6510331029789995,7.404906317469402,-0.2461267855096172,-7.489751913529907,3.908069114066638,3.527813201856764,-5.526558013507295,1.5125704353744087,0.6547949734798948,2.6737973649936797,2.328744054794475,6.673139636511977
57.0,2.375852706447146,9.332628834372093,6.956776127924863,-5.896652899425749,-2.2595542149359273,8.091762694627532,-3.1968109982586683,-1.7278768226523324,1.6984037720429648,1.0378140869806167,4.074989422212683,8.076724491708628
58.0,-2.1569935885219174,-1.6297873714181543,0.5272062171036644,1.9304338092321744,-1.3141492714361118,-0.5276870842475985,2.509631196605352,-2.735657484021891,-2.3772189039936618,1.0422627190032838,2.044483646987346,-0.3842097325418319
59.0,1.7688158632889472,-1.873834014381202,-3.6426498776702103,0.09294676136529861,2.7347969163243193,-2.737377445844605,2.121540192946182,-2.365069310542229,-3.713358305880189,0.33349555328283315,0.25671800634012065,-3.1190191511145056
60.0,1.0518648395662438,-3.218301352703154,-4.270166192269362,1.0497721512708145,2.6146277050391484,-3.725899141260057,-0.6284967998590971,-1.058025119482197,-1.0263315044766026,-1.012414120447189,-3.211109540440961,-2.9600601953547763
61.0,-6.576443170125498,-5.637644826694485,0.9387983434311331,6.078187045835252,-3.8009903530564455,-2.332677016748287,0.4153189369851594,-0.349666222701132,-0.5732177830121923,-1.3901100905688493,-2.1193294331668984,-1.1394569149133602
62.0,-2.316454712811683,2.781574733653651,5.098029446465521,-0.2583914365273752,-3.6710019633620803,3.877563780481222,2.2693140177421203,1.8090144431559425,1.3727118662192177,-4.079510280166611,-0.3685058068450797,-1.4991501688149649
63.0,1.9735370113167123,0.45555121206437055,-1.5179857992521912,-1.2391311154354365,1.7013921270134198,-0.5135465263899258,-1.5520293067398638,3.041704300380899,0.03630187905900617,0.08395575924687404,0.5451247266686331,-2.0133631645709706
64.0,3.1446635318575624,2.271571477517084,-0.8730920543404824,-2.6537868546847205,2.039433601109273,0.7192176891039301,-1.501455940445509,-0.30702366225442446,0.44436976361176017,4.156622700116469,1.8936523908691067,-0.2775228077771934
65.0,-0.8920832668701162,-0.9176786644063082,-0.02559539753633433,0.9591766372688721,-0.4070168468221371,-0.4486385270536986,0.7816380265463109,-0.5435456240372035,0.9083899679141618,5.494652718444624,0.001725084089986506,6.272480023380146
66.0,1.3164451281605078,0.9766588670402159,-0.33978626112045585,-1.1709793902282946,0.8508941460917442,0.26589554970608403,-0.5683341177791194,-0.7401624874818092,2.2144100831160123,-1.2084868335222363,-1.017342229092812,2.3221638719373354
67.0,0.653907472476117,1.3458355236863841,0.6919280512101347,-1.02480185098904,-0.07677992813208445,1.0480134716071225,-0.033957637871239676,-0.0875171608641564,0.5012016241975478,-3.4019593927431386,1.579057202853628,2.2156956054541834
68.0,-0.6299762593472749,-2.637972358706858,-2.0079960993595973,1.6069654591798128,0.7099036271465071,-2.370310471063122,0.22662411148272746,0.16836386746427134,-2.2997806357644675,-1.9056717389826887,-2.19864283021725,-4.622479298533283
69.0,-1.0290793620586791,-4.016284890352073,-2.9872055282933254,2.5699805484051597,1.0011673675072548,-3.468920729420177,1.5498091401115213,2.9466702109716127,-0.08881799405547897,-1.9652092335803426,-1.3903529594736321,-3.757868506981649
70.0,-0.8297163397223686,5.942202053446909,6.771918393169384,-2.59445667114891,-3.8555214939149205,6.390047985287726,-0.8542926849516855,-2.212278469072223,-1.0505090703517093,-1.3715718887781638,0.7613780671082195,1.1143051784100368
71.0,3.1506112596613756,3.729407489111651,0.5787962294503748,-3.4074729572430233,1.3121340916914044,2.1855323406226,-0.11109536090465925,0.32783387177444023,0.3356447902963168,6.6816723672355,6.15253262430023,1.3418839059787702
72.0,-0.024870367494724488,-4.817973548391176,-4.793103180896386,2.367893929032749,2.4124075291298652,-4.85647027705964,-0.6771191916880797,-3.5336165530936796,-1.2162515851405127,-2.090773970074376,-3.869832646001041,-5.999647046322682
73.0,-10.030630197011627,-9.245972648255336,0.7846575487563021,9.65911795232242,-5.456437315704682,-4.286885869239246,0.24264426764926839,-1.6944024658019678,-0.8586155725170973,-1.9128858112819342,-0.13318976171819563,-2.1986703194802937
74.0,6.911939194670024,8.022442399098681,1.1105032044286243,-7.4461118271764875,2.9316444266693082,4.583492551707448,-2.4381978046540493,1.420951789286986,0.25781178821125106,2.320333666949521,-0.7176710682856473,6.222561730978727
75.0,1.739496609202474,4.393723150259682,2.654226541057135,-3.0400555901880884,-0.4264760665797227,3.5376503400917545,3.172475601352188,4.435698989668271,3.3876473412481634,3.1940692188027864,-1.2823281786618246,8.819607197948732
76.0,1.0696008744417307,-0.5678444565689116,-1.6374453310106982,-0.2934558098246425,1.3044217937223896,-1.08782497364169,1.660467471824835,-1.0361880389782603,1.3834934529408238,-2.2790482640487495,-0.7029752339913578,1.2873652805749787
77.0,-0.2676699126593812,-2.0129095466293387,-1.7452396339699932,1.1877235123980854,0.7661384746055016,-1.8574899714593684,-0.8813786919931353,2.273565322248026,0.06183031260826344,-1.5659136889901506,3.018297750185962,-3.0421923936491884
78.0,-0.9471362280782427,0.006028553807099657,0.9531647818853675,0.44897428316210464,-1.0042359951485333,0.5127375218553973,-0.14605803974597037,0.09862681859796318,-2.2639088217667567,-1.800502124666903,0.9045282104020542,-5.463787722174088
79.0,1.100328203018311,-0.4809266866298245,-1.5812548896480907,-0.3258263443829579,1.363461112155008,-1.0630413713954021,-3.022196991090883,-2.266079331962523,-3.0734669867618094,0.6911316880406428,-2.472724031488544,-7.455352695169835
80.0,0.9266808382266403,-2.8436656078055087,-3.7703464460321015,0.942189724942097,2.3709795333777155,-3.3267825319797764,-0.7798801491037086,-3.477116543902441,0.48396433067807987,0.2621707547232089,0.5719706514419614,1.5100770243443984
81.0,-5.44985924293008,-1.2536764427053493,4.1961828002247366,3.330235544496746,-4.798446127632676,1.4590634458282787,3.065261247204749,0.7341011490086924,2.8004078823699485,1.9273466232769405,-0.454197022572023,4.977197741023352
82.0,-0.1964749386350837,-0.1840466547570877,0.012428283877966129,0.23949377254578275,-0.15468137400895432,-0.09646335296796527,-0.17803925377060636,2.019539553831905,0.9826135630912215,-2.3154127781750313,0.08685021018827929,4.009434943709333
83.0,-3.6998116147732887,2.4679279752015466,6.1677395899747935,0.5788343837625234,-4.900945430865399,4.303270028516768,1.4225707564894856,-1.5445094141914424,-2.9739132369458563,0.7893510020999167,-2.0485357747717345,-1.6890116946058813
84.0,5.484568892963138,2.6305214687787073,-2.854047424184397,-4.020260019455208,4.204814892181205,-0.05466064328197606,-1.963388805817496,0.9351705411394724,1.092031759590578,2.86701627737611,2.465207346098331,1.2413653471291288
85.0,6.51791097869144,8.073917619708292,1.5560066410169604,-7.258202890591934,2.437013401246735,4.786028816626402,0.44378847521456066,1.117468500291111,0.6171705814991519,-0.594722543059305,4.718403884712531,-0.058944460396448545
86.0,-1.0195330251584331,-4.57079763784807,-3.551264612689496,2.759180519362408,1.2172009287847205,-4.016070189711695,-0.4183367711076731,1.7641709996418675,0.1512819624403865,-3.4680904061054445,1.0934864210640083,-3.67671008376925
87.0,-2.0566382580449405,-7.147787132805486,-5.091148874760469,4.574281591962242,1.5394855286727087,-6.154106735264275,2.014782269087581,-1.235937892224403,-0.3783569389033131,0.01352463951720062,-5.3591386149831175,-2.3112498694126984
88.0,-5.816695669707385,-4.525958309077954,1.290737360629469,5.1520140932182565,-3.5401831303802656,-1.6488108099659327,-2.9563300620780772,-1.0474632751106356,-0.3034179856497648,2.6799804344137717,-2.575570841995476,2.7471205386447903
89.0,2.499456471692319,1.604198524417824,-0.8952579472745501,-1.9857305217051318,1.704193361342262,0.4088677477967755,1.6053621532611613,-2.2042427020245383,-0.7204397695623829,-0.599863408466677,-5.7638806530570506,-2.173817672221638
90.0,1.6617641306825899,6.450003464095255,4.788239333412514,-4.065891257909429,-1.5588187767096653,5.603314105190197,-2.576853726532799,3.064852005475415,-0.5394001541524487,-0.6277646048024623,2.434085222468833,3.7591095819183877
91.0,-0.16248812031813997,3.7677612060361563,3.93024932635411,-1.8151911522211108,-2.0392639989957786,3.8413167027660755,0.1163194159404014,-1.8333614662255087,3.8434221912148465,1.404208053082412,7.0792558470247835,6.069444544907746
92.0,-3.1959743691065325,-5.423771108371322,-2.2277967392648814,4.289602515449754,-0.4701343823316002,-3.827838987685943,3.8659266532669827,1.209046278590785,-1.7560550213953519,-1.5042460122843249,3.904933416512938,-4.230346649677456
93.0,0.778620523372311,-1.881024145339852,-2.659644668712177,0.5193969600852418,1.7418033229716174,-2.2707770261190086,-0.05141476115718446,-0.3753278709293778,0.1723580406609138,-0.7248451824814189,0.9135786535239845,-4.111890703134671
94.0,6.170662087439881,6.347135718630847,0.17647363119106374,-6.2249177469058,2.948915517061889,3.2582607501760643,-1.39645797083559,-0.23680869576590247,-1.2960269906263642,2.180425376423225,-3.0553518085234654,0.2940248667107026
95.0,-2.048549289825257,-0.918196247424564,1.130353042400834,1.5056794453533535,-1.6324701174928564,0.09497860394996,1.1691574197038745,0.8848478131686203,-0.4473120407641929,-0.7606047114012978,-4.677095867961807,-3.0976332246601608
96.0,-5.687617878744556,-6.949397620318107,-1.2617797415733991,6.332636504979784,-2.1751697223251845,-4.048819118496576,-2.2348515731763547,-0.916181114739498,-2.4913660540503506,-2.0499577517631553,-6.5592712274472795,-0.7076561654498241
97.0,-0.7516533338655507,-2.0189926465339796,-1.2673393126683494,1.3959239301606305,0.21681828864874242,-1.6775363638019827,-0.05469047461255194,0.19566139138981364,2.7022567802846806,0.1519754280040344,1.8803496859329343,3.105211632188287
98.0,6.644282461734594,5.252153026998972,-1.3921294347356064,-6.0151537767064305,4.055639882731697,1.8840114483503507,-1.6404133113963628,0.7391992971271435,2.4233046952581905,1.6795260799659304,6.401361055302194,5.71661591201545
99.0,2.6259240910563877,6.74143967833398,4.115515587277564,-4.666498946646405,-0.7066463176370483,5.452751293924079,1.4949321159890077,-0.2650128983047323,0.27475616017929805,1.7815314697334004,3.8701622624027103,1.6970698813320908
100.0,-4.039832339267724,-5.080742295304376,-1.0409099560367052,4.586159102323494,-1.4596727256797715,-3.0398634582497226,2.5693770692698505,-0.653245709671095,-1.6537421304618476,-0.03932627102498332,0.4025006637611641,-0.3501763732779499
101.0,-4.435817477795116,-3.788802003948864,0.6470154738461862,4.070543080857196,-2.5792589219708,-1.5470581617031196,-0.8141301763480586,0.013039169154585806,0.06712022479368562,-1.1689530339478076,-1.1044801532020796,-4.762933707645848
102.0,1.255941020551032,4.708743101532619,3.4528020809815114,-2.9328401727199256,-1.1375762963617666,4.034497812624507,1.0401990266503023,1.7196574229840123,0.9644722821467283,-0.24148548148983862,-1.9821672686838716,-2.798413626615927
103.0,4.402540523632762,0.792063235649635,-3.610477287983196,-2.613896050360787,3.962548476486477,-1.3641923751516605,-0.6079996492151615,-0.8761682188301159,-3.4082009316550512,-1.1824277389527484,-4.800379593341734,-1.443759382509501
104.0,-5.331826676734568,-7.109499466357262,-1.7776727896227222,6.215292673581768,-1.7500432984771077,-4.463755049290966,-2.330920872956082,-3.9590282125293172,-0.9055737572316042,-3.738744369204576,-2.8442833393116946,-0.5161944597621272
105.0,0.28084618550414886,-0.9596286616501435,-1.2404748471542408,0.3421022842508368,0.7791297835902676,-1.108744799333811,0.6430393761770792,2.1194423283309067,2.074025783337008,1.999941697889666,2.5918765058819577,-0.1383116012994885
106.0,5.924408792042012,1.4654381971738721,-4.458970594868015,-3.6888211166395006,5.203543489186486,-1.4986139314303648,-3.6772360184118202,2.096058029206533,0.07033016925499957,1.8148042300646008,2.4437135901392297,4.606168201405464
107.0,3.5968275493425277,9.178348440648678,5.581520891306266,-6.383776274267008,-0.9829810381010966,7.378976305268516,0.7954683413386491,1.4392408066581215,3.6261110880866294,3.414350254294769,5.893894742539036,5.383389056457227
108.0,-3.4062915867046093,2.9627555921090187,6.3690471788137,0.21754502597492253,-4.875898335288416,4.660032888401293,4.748357045531199,0.5128575658788815,1.1489276684560326,4.261062261874313,2.796514185767439,3.0425836938737474
109.0,-6.062375143699434,-3.470454221662472,2.5919209220369277,4.749517010175985,-4.3088322249606,-0.4543673122265055,4.098304996747823,-2.710557263570068,-2.469135354205377,-3.5000146323233263,-4.4960988614481305,-6.662771038152349
110.0,-2.2800148688447197,-5.697117849519069,-3.4171029806744597,3.956568591450869,0.5170952182037936,-4.504720162690861,-2.5552354512580546,-0.14111753937597382,-2.3126223079964214,-5.666276808214609,-6.536204204786108,-4.0765839968149145
111.0,-2.071736630639771,-7.4448745217108385,-5.373137891071169,4.790394616506725,1.608915508216055,-6.446188234003227,-2.3770334148825825,-3.277880336313993,-5.023030526865782,-4.7358517744257504,-3.343419772125201,-4.181384688023762
112.0,4.014958161606917,1.0980364493152819,-2.9169217122916926,-2.535929253922912,3.5120848681425656,-0.8761944352759059,-2.6743275815176117,1.3834949270282706,2.0909634366218337,4.108244900986785,1.4833599466250758,3.8534957821793228
113.0,8.980583436743123,6.55009360845918,-2.43048982828396,-7.751436285817182,5.6811626806243325,2.009810611840879,-0.7048400331872933,2.7036605403953407,5.006540049105352,3.0337992240935487,8.429161119247993,4.064011878029595
114.0,2.461250294776322,5.879566997603008,3.4183167028266883,-4.158055456333978,-0.41704889590854144,4.677522800481418,-0.16945315907415764,1.3692475697088078,1.4708902086651992,0.09645831650280012,1.299795937269809,-1.6918771467299698
115.0,-4.884206845421855,-3.0780370514245545,1.806169793997332,3.9172375218870488,-3.3568444964448965,-0.6035287438669097,2.2933652645522415,-2.1464319426051084,-1.289658164273817,1.055939329154832,-2.343019690833039,-1.608351937046193
116.0,-4.254381494853028,-1.7346474227010416,2.5197340721520503,3.0141746253820565,-3.3953312560584994,0.3530971653794601,2.363740060273525,-0.5348436221930974,-0.1307153139358117,0.45899949751021063,-3.8393502356080518,2.4626702897170847
117.0,-2.5359337379741858,2.468210288276028,5.004144026250313,0.05878429344622793,-3.7779056184171713,3.705426281075908,-0.5620249125900381,1.288009594172269,0.7650017978187679,0.05455041333433569,-0.7344994892914907,-0.34886472770613186
118.0,-1.6819214090297272,-3.2276234383814106,-1.5457020293515662,2.405300861179583,-0.0787240104321274,-2.329528524777796,0.9829727813305505,1.1680017445978124,-1.4987445392608512,-0.9059073399326713,1.9254613475821953,3.5980168439722293
119.0,2.1001784205045513,-0.4065859985038558,-2.5067644190083276,-0.8148315291249966,2.287795022481552,-1.4699561699883774,-0.6083375550012959,-3.085322224607852,-3.8591931983432275,-1.148093037932409,2.185334937326633,-1.6725596702559034
120.0,0.4455968203111855,-3.342598843179191,-3.788195663490428,1.4812840176434674,2.0956663383266756,-3.572149235239196,-1.1850309379561792,0.6720540347393318,-0.07445928106947863,-1.2016981359725118,0.8990789258429576,-1.7944048549175553
121.0,4.472860250443919,2.2922670673889556,-2.1805931830550658,-3.429330531913076,3.3804043296724924,0.05314491015951339,-3.5115312447041744,-0.27018593128332363,2.4031521097141044,-0.9669852712797176,-2.006036119216147,-3.1191012768872275
122.0,1.319492809546501,2.220429011558308,0.9009362020116589,-1.7397812131078996,0.18370945607034606,1.5593621656494907,1.6733949605282734,1.580192970870736,1.2381775738867435,2.3410398231620713,0.2473658637990387,-0.019764949479555538
123.0,4.018613630066558,3.739114598016411,-0.2794990320502785,-3.9293283428525547,2.205317249043298,1.727411641843077,-1.6815641081065387,0.21053350246664648,0.6701160322295956,-1.6092377021556574,-2.914445601963791,1.3452557773491396
124.0,-4.4915175452734255,-2.281468816013189,2.210048729260185,3.4138433637401877,-3.368064985602969,-0.04106021290527595,3.752459087544746,-1.5392945340728477,1.0240273931589177,1.445756858100023,-2.0734257726323486,-0.019570767115949295
125.0,-7.563020652235753,-4.384959353775748,3.1780612984600403,6.002224621925762,-5.383125254057206,-0.6129927802792787,3.418340887294405,-0.6459500848221393,-2.903164348509115,-0.44130500527672545,0.9514440378459118,1.2017422513707574
126.0,1.087034607951443,0.05494954226819604,-1.0320850656831604,-0.6185189043316748,1.048417158840758,-0.42434967668618545,1.8825747025353596,1.8385349868945724,2.7486787443697036,2.7038765813465186,5.769985484623736,1.878568607042666
127.0,3.144720433365001,4.087523971410971,0.94280353804605,-3.5803557161018764,1.0863394628665501,2.4950080376142987,-6.729748561503309,1.5660751788609952,-0.5357893718818543,0.5560310992956544,2.302125287533788,0.291550564158893
128.0,-2.430264484268668,1.4461512950067184,3.8764157792754457,0.5325981879688861,-3.1761565146284183,2.6349349396855386,-4.468695615618547,-4.390837015221907,-2.457517940976533,0.1802142078014112,0.03335871208569419,1.4931737813068982
129.0,2.9877242700433446,-3.2055634368771075,-6.1932877069204535,0.07406388572815226,4.6355965780059085,-4.732184053070394,2.004707455848202,2.613819621590583,-0.21650053897217902,-3.3307128192643423,-6.438026390914376,-2.4671301250242985
130.0,1.7643861512068477,-1.6770794560336002,-3.4414656072405045,-0.07785506588886154,2.5589954823377967,-2.519021308551805,3.3205311759502947,-0.9967693313646303,-0.36599018197182087,-3.926892857120948,-2.190542012413507,-5.826527267180387
131.0,-2.188273778295152,-1.958765409847896,0.22950836844718037,2.0370127178001676,-1.1806045018078102,-0.9069400680713207,1.9928407241445563,-0.5537122847535425,-0.0771833748617507,-0.1505379494072463,0.05130108930769528,1.9896605499954925
132.0,-0.6768150485822451,2.906165815248074,3.582980863830315,-1.0767861491903663,-2.1024838804055594,3.280178823042224,1.009082089418867,2.662485649221826,4.1590655359966275,5.14604290471264,2.2804070205847466,1.7315138151380662
133.0,-0.7821607892095371,-0.39166656552213563,0.39049422368746933,0.6200045846206286,-0.5541693148708353,0.0373229483650801,0.17281379033364153,-0.3934897839022613,1.0539598713190854,1.0859810390755924,2.862169890811641,2.2359688763465355
134.0,5.428112420471301,1.7316531582561234,-3.6964592622150834,-3.55053896977343,4.524099831736505,-1.0189250080475438,-5.456048397100086,-1.7899728287325027,-4.787088473328353,-0.615074418388948,0.3772937321108243,0.03646806752869458
135.0,5.1127180524359135,3.8816133493083878,-1.2311047031274545,-4.548472107008846,3.1427376567308265,1.3716431623683447,-1.4284522333498089,2.7842906740715083,0.371224309281869,1.5484426711634436,-0.2883511644101868,0.4264878304218945
136.0,-6.168889431538875,-0.3065368569700103,5.862352574568865,3.2651435992035176,-6.0381722930349495,2.7471616117287248,1.8449670680122625,-0.8968890610898603,-0.4359248370137113,-0.3076527628278826,1.5276562602158115,0.4650977657899675
137.0,-2.4913900235441946,2.932872118625402,5.424262142169546,-0.27052882601441053,-3.8993800951176496,4.145401722038267,-0.5510219838877592,-3.822653397750319,0.7264735105601163,-2.2623445829725304,-0.6343230689621374,1.0130657646422512
138.0,-7.864241382568606,-8.361478317786647,-0.4972369352181585,8.144598143271867,-3.706501834136673,-4.4687213555657985,4.6471067645524196,-1.4579665235925297,1.2368881499598943,-1.7173626619450344,-4.324160973087314,-6.4149182382575045
139.0,-6.110431402895884,-8.532193453121891,-2.421762050226108,7.2782096821581055,-1.8742439715311425,-5.445491048099415,4.097581510831948,4.644701033499403,0.3347500706485511,-1.9016565688150866,-1.863000140133523,-2.430117182769081
140.0,12.183619799364598,2.2033789542380506,-9.980240845126582,-7.152936174381754,11.121236775875785,-3.863458402735896,-2.914771294328072,-0.6297295403687646,1.158501981566888,-0.22756844394192205,-1.4246978894202444,0.9880447175908957
141.0,6.818473579637242,5.034753289540224,-1.783720290097003,-5.880627111809863,4.33016262097931,1.6481260050509592,-5.018051953563423,3.578719457862871,-1.837276047994024,5.166171494998663,5.024798508651365,8.746873101634794
142.0,3.88565673488893,7.974185574838792,4.08852883994991,-5.95780910877009,-0.1602760283897382,6.057040042306814,-3.990387640068497,-2.791785929173585,-0.6381560086011627,0.4886087438618314,4.269451225167424,0.6207148297266691
143.0,-5.213712345599472,-1.8250139324745516,3.3886984131249456,3.4944212587986696,-4.287979652072859,0.7366536154719237,2.485427538820712,-0.6952033002575628,-1.5140591619191799,-0.645956392536919,-1.5837951054464767,-3.308274530545556
144.0,-3.5677490055229204,-0.42656935665777757,3.1411796488651422,1.9720758930488218,-3.3445956822906173,1.3226339737689656,3.6441485561945086,-0.9000165474757021,-0.12670531761371007,-0.0870361427525132,-2.723231172781539,-1.8612977159525161
145.0,-2.5743726827437925,1.3950759515028566,3.969448634246651,0.6396890099181847,-3.261794040120095,2.736657662435452,1.069517699631922,1.4442077360324992,3.4816741140152834,2.6979300412277807,1.0661988797554507,1.96465493075645
146.0,1.6215697281829178,-2.7905889679147493,-4.412158696097626,0.5492682728134475,3.0305543435784745,-3.6182319136724845,-0.5385734750890181,-1.014658874384729,-0.19829998634208845,-4.08125826975303,-0.6238599720497313,-3.002275734280384
147.0,-0.4972159143980536,-7.304671676781151,-6.807455762383049,3.936405411302693,3.0962496693989787,-7.069987002713301,1.5400648083185584,0.7017490106298632,-0.8899911796566314,-3.1659055630251194,-0.5502441090125604,-1.24234213908685
148.0,-0.5354127421608791,0.6054740588071552,1.1408868009680444,-0.08609551583191544,-0.8104007792808596,0.857111351267287,-2.658197290633583,-2.438678509573845,-2.569353429450632,-1.1034071777235996,-2.4289958615579534,-0.6336350458502314
149.0,4.5155695909904106,3.9648985954342555,-0.5506709955561919,-4.218402205521985,2.5694313736387135,1.7633054006968707,-0.7660280650917375,1.5482195220069792,4.2613587957439,4.978631954131804,2.2271225711316385,5.1269410660015895
150.0,-3.5214246416605173,1.530874398435935,5.0522990400963685,1.01418278215559,-4.320982487492307,3.2599386166131845,-0.23737177677048338,2.6137583412405148,-0.4005870814457192,1.6299751678430736,1.0016531261830952,-0.5789997775156674
151.0,-2.0353236617419115,1.2223037052988475,3.25762736704069,0.42545430793801264,-2.6733461174554254,2.1989157361459557,0.19394996866621944,-3.343338566207146,-3.02476234861288,-2.7388596938374494,-0.8930832533757831,-1.9213425088830798
152.0,1.2434935347909617,1.126799794519893,-0.11669374027111235,-1.164079911694302,0.7374993166856296,0.5352749050647905,-1.1437091487699609,-0.02758722357505594,-0.2947655132771734,0.03476411700694415,-0.6692560781149618,1.643931592623607
153.0,4.522897171429455,-0.28564170305014025,-4.808538874479611,-2.173357482276564,4.647730763843793,-2.5208919227549975,3.3942947166763826,5.453621329869589,4.54683070567129,3.8464055427714623,2.6436732281675295,1.8915657348484345
154.0,-2.474375272862008,-2.0682408566195787,0.40613441624244206,2.219469445854665,-1.4572622634884227,-0.8051075168452058,0.4933507959606631,-2.1165787045432416,-3.164529927622194,-0.27992383087854045,1.9183750984507544,2.267431593212263
155.0,-1.8692513009082923,-4.182194324624409,-2.3129430237160515,3.055403334128102,0.20349260216160092,-3.2978555805408143,0.5933329423023086,-4.2843688981406745,-0.05544450673459661,-0.6278284552797256,-0.2078287177486049,-2.5815805148212476
156.0,1.6503944010320413,0.12518742096041668,-1.5252069800715344,-0.8548347298096732,1.644824614223535,-0.6681452075738172,-3.836861884792593,-0.06024611782108358,-2.372332704886697,-5.0037909894495405,-4.15168401044835,-6.648868034952059
157.0,1.8134953856790865,4.1689252767855765,2.355429891106555,-2.9538074905029585,-0.2976145434986337,3.2175919382979354,-0.6309681677123269,2.3074098019157816,2.6595174774543997,-2.8736624385421514,-3.5303518936635543,-2.0924916547621994
158.0,0.4444671634159685,2.905159972780166,2.4606928093642266,-1.7105061839619726,-1.0406497637803584,2.71697364476082,-0.5968601919218456,2.1903000310633454,1.5078758645289678,3.5848427331218167,1.480453329581002,1.1844131898121306
159.0,-2.206523887336074,-2.870880387585412,-0.6643565002493435,2.5090507007423426,-0.7310832511952228,-1.8150666980297543,2.7807735416024926,-0.36648243015154236,-0.1956674409459188,0.9318294012581294,0.4620500129771785,4.162260117998672
160.0,-2.6390510729068977,-1.3596393877814767,1.2794116851254147,2.053464893640236,-1.9250387182737603,-0.013332315626267181,1.478085490740003,-5.294853922262786,-2.56893129224314,-0.1255973415219549,2.067137208220493,2.3645538868956057
161.0,1.087186726532401,-0.315942366457036,-1.403129092989445,-0.40769667572399193,1.196064702819212,-0.8375635059682973,-0.33369576269934864,2.598247577800989,2.221925295973305,3.9084088450939127,4.726464442244231,2.7757623165077456
162.0,0.7062528251622393,1.6216451374059098,0.915392312243642,-1.1868687646158405,-0.15588779565804345,1.2869212182050969,-2.8302283367677683,1.1617123012704846,-1.8335373838037787,0.5651803493266231,-2.1948515462275657,0.08964806827589078
163.0,-2.139176194754591,-3.3433768856959407,-1.2042006909413907,2.714024826287207,-0.43891707527270885,-2.335367518400761,5.571408278640104,2.2233259531532976,1.9817472514803978,-0.12803386963291263,-0.9204479758499473,-1.6760215062269403
164.0,3.3861242622079986,4.988130831132516,1.6020065689244725,-4.142682787806605,0.9257251616062283,3.3137921322772788,-2.272873910822835,-0.23969780389765993,0.6190843823558877,1.2661629167224788,1.7437776029908307,-0.8185535144542468
165.0,2.2533609650537327,-1.5932321658883577,-3.8465931309421246,-0.2940988787651997,3.0922250344460296,-2.697081896417643,-4.745015157307504,-3.784526617836692,-1.9216998219310137,-6.1900732760534485,-6.558239741080553,-4.332788189796785
166.0,-1.133310469557945,-0.6399694984295838,0.4933409711283667,0.835362685797158,-0.8395721724409584,-0.044605635539812005,-2.29186277947628,0.16677217362854235,0.4775195110637377,-3.285747581155851,2.0634161071725208,-0.46275521847776346
167.0,-5.004095268226949,-0.45563481544720685,4.548460452779783,2.750112560821093,-4.7933496875319435,2.0029395165032557,5.560099066329616,0.20863127909357893,-3.3059309127374292,0.7061055215140677,0.5215885986077632,-0.9680719400276054
168.0,2.5546949141410553,2.7814810708451336,0.22678615670414048,-2.6526609645667634,1.152247993141574,1.4669205558772347,0.28979871438920357,0.23509172684440888,1.6572421319038093,2.9771554942588385,-0.17159602843025268,3.114611757246002
169.0,1.9002690150767765,-4.23542448215596,-6.135693497232693,1.1028963554890228,4.006175649830545,-5.138669040535569,0.19819872205687084,2.5723371361091667,0.22471991126004764,1.3868475565267344,1.1581989095385383,0.41452357936756457
170.0,1.5659466311099572,1.8000244774653327,0.2340778463553701,-1.6659107541426015,0.64858013709305,0.989485169749108,1.2738997689751603,2.771558762642184,4.603704823684997,2.0129409831849854,1.605103500046603,4.14207726640294
171.0,-0.7545815570324211,0.658016415218563,1.4125979722509556,0.07315566358377873,-1.03160125660506,1.089803248123347,-0.615592821740514,-3.4447017916535327,-0.5027548943440836,3.589166790887451,1.3810639783844767,0.6575452945824354
172.0,-4.773560563896728,0.23280070508625716,5.006361268982948,2.307349311480489,-4.927493577817974,2.5976938819130164,-1.6534817188936841,-3.448553476935351,-3.0792039907488045,-4.425886166257484,-2.017684793825365,-3.917728177880929
173.0,-2.070094647234316,-1.436742936206611,0.6333517110276814,1.7263541720006894,-1.3201370047245116,-0.42226698905790383,-1.5058137083302872,-1.696507653891569,0.6620431298565503,-4.324791585626568,-3.3881587233555948,-2.70367700546457
174.0,3.2556602148565092,-0.45724100938544027,-3.7129012242419606,-1.4116076948859928,3.50915401744856,-2.105544361426765,1.4623596955634734,2.9348503906804386,-0.7359792634449056,1.2509205593854218,0.9188337609025055,-1.2228527796962874
175.0,2.067939575384548,0.574845546110371,-1.4930940292741945,-1.3221914985565832,1.7235621813691429,-0.4020744100419129,-0.9669738188065857,0.38349513273372193,-3.2178650992055626,0.8507293103247948,0.08895590846575506,2.7898954897815265
176.0,2.153214483263509,-2.1490025783242266,-4.302217061587749,0.003084424843927014,3.249811528945314,-3.249874803777072,1.164891919474058,3.4881289679587075,-1.3991415065198667,-0.5978887773316596,0.15571245833873498,1.0919924042032512
177.0,0.1307449069106863,0.2849174359850677,0.1541725290743785,-0.20362303124428324,0.013192738715011032,0.19142394250313877,1.947865084426225,2.571727994376858,6.335590598137185,2.2487092729691875,4.265294715233257,1.336409617709458
178.0,-0.10009180033331105,3.7777226409001954,3.8778144412335065,-1.8423319747170828,-2.0385231509679276,3.8733200946117132,-2.626458150242556,-2.882334352223258,2.3257721001960823,-0.6563667016277481,-0.739510575266858,-1.0094147887746536
179.0,-4.282526592896496,4.445973773654883,8.72850036655138,-0.09784676199533697,-6.471481387027191,6.547824375175427,-0.03417853333531651,-5.085095417148087,0.949537502891793,1.9264892806176452,-1.146848668333826,-0.30580868500736325
180.0,0.9722825294423565,1.8673728585730154,0.895090329130654,-1.4503217594557896,-0.0012504292026491726,1.4133455380327726,3.0217333264294037,0.9897194001497631,-0.6235105337381417,1.7695177322813238,-0.5702008359072316,2.124229713704488
181.0,-2.4540565265457843,-5.602838924976347,-3.1487823984305776,4.064160590560308,0.3908637206854482,-4.351659716549405,-5.059370117128389,-0.11498616165078068,-5.93396037295255,-0.374685298709175,-2.386583290393578,-3.842483332365386
182.0,0.3919512380041309,-5.778260928708705,-6.170212166712849,2.721199512025916,3.2499123776997307,-6.03694984942629,2.372875790446024,1.1819910012790902,-3.3630050394144666,-5.196286888184953,0.8702803311504546,-0.7026753881931549
183.0,2.656790977450667,-3.317683591702737,-5.974474569153393,0.3573164326181013,4.366367608095361,-4.637241523595984,1.0640059032761127,2.5852647578482046,-0.7447020409294125,-2.119696344092999,-1.4701646744395136,0.14131814794797348
184.0,0.2983955412499866,0.7858482277337009,0.4874526864837607,-0.5888480301899811,-0.12092979672205306,0.6407007281747599,0.8946153083396515,-2.1318102609625136,2.7373107156750773,-0.1442868350158799,2.0466762345277925,0.8725505102665805
185.0,2.6967859662231657,4.164931911292819,1.4681459450697236,-3.467767153838779,0.5873733657265154,2.819761254112605,-2.6290648826751575,-1.4703790698215013,3.288426003617401,0.4254906960329725,-0.7677790080897338,0.34181042342683743
186.0,-2.200653323109065,3.7294203750564736,5.9300736981655895,-0.7105455510435816,-4.0165364188102135,4.837081192789631,2.039805336514337,2.401397955073619,6.952276287315634,5.451903344001209,3.6193402646283674,3.6131841200617814
187.0,0.17866820699459818,1.0273479637953704,0.8486797568007591,-0.6163545165107515,-0.3699555243041148,0.9542507818674375,0.46643202236171144,1.8225254427547866,-0.2605331280245293,1.7417192519175986,-0.23869086989813415,-0.2636680500666835
188.0,-0.55544645286064,2.826127960044053,3.3815744129046297,-1.1397585553302267,-2.009444565862038,3.1323165576315546,-3.6342839919268313,-1.534790594583149,-6.019742382817693,-0.22534362756742055,0.42123060773328924,-0.7256860362878873
189.0,-4.544763743698874,-5.860322997194864,-1.3155592534960576,5.20296593661478,-1.5822137128291787,-3.6251045813788503,2.3291580146937343,-0.8610395601790181,-2.371531305860584,-0.6266202157046132,-2.6468735002189665,-0.5659861367818042
190.0,5.004091463708324,4.967729359183982,-0.036362104524350736,-4.985222807624811,2.5490864292091238,2.4399055789285677,-1.1273455733246234,-0.3534200398412468,-0.8076008349087851,-0.41934176470898277,-0.160660986450879,-2.440450539098105
191.0,-0.19590720616729262,-4.93972886027356,-4.743821654106212,2.564709589393404,2.3017229451536165,-4.859893800270604,0.8760676206702991,0.9241120657760206,-2.0404355533109633,-4.172672585512724,-1.289300718743565,-3.138526304551051
192.0,-1.0446724520336446,-3.6350570073786486,-2.5903845553449316,2.3302365188536696,0.7226546563756007,-3.0490051295204683,-0.2589009091579706,-2.567495701433106,2.4444580544781846,-4.029352618089209,-2.285126692164648,-1.4920705934599465
193.0,6.899048268842906,3.5720544819101465,-3.3269937869327215,-5.252656980299788,5.1428358072524905,0.10631590330119556,0.3657062660353398,0.47257882790109806,2.5845956675063917,2.8517100521237304,0.7059962547296204,0.8579450831924635
194.0,-7.991498565799001,-2.670601905173165,5.320896660625836,5.385921228714318,-6.704943971971254,1.3046355495014343,0.805670763716092,1.7665204085682158,0.9519588149710867,1.314479411114937,2.7102178628137326,8.084721332671776
195.0,-3.1658903348641285,2.002662855646401,5.168553190510503,0.552730222500929,-4.139116530848329,3.5592071196596793,-0.31562987382631863,-1.7200206131113343,0.36009451980440677,3.4368141417457316,2.240897765780269,2.1303457414923996
196.0,-0.23881038172507218,2.5610457982745833,2.79985617999964,-1.114236096350204,-1.495218235203599,2.7267440510936165,2.374692219267976,4.126326032164698,2.0940698829068585,5.736458977264173,3.1122145202735294,3.143226105819906
197.0,-0.23369244982523224,-1.0584428388598388,-0.8247503890346173,0.6128639538594325,0.235877979267216,-0.9006188964216786,-1.4582494312587073,0.2801461633403697,-2.8704044372580726,-2.3457757238380412,0.44488619502271554,-4.890304677687006
198.0,4.410618185849203,-2.5606453180658955,-6.971263503915119,-0.9583733474875517,5.705820526273235,-4.808100542922214,-2.506124758672648,-5.2680357513697285,-5.276281058873141,-6.387217982992325,-3.9303967742957497,-5.216662645044813
199.0,8.24578800908147,4.197296305234853,-4.048491703846686,-6.254136864903313,6.16055528938155,0.028468290921270123,-2.643258371847403,0.6101210410875879,2.32893905887528,-3.0649384224922676,-6.180614463278173,-4.741877640734529
